5.37171 2.61736 3.97357 3.26975 4.74401 5.23093 4.10201 4.40802 2.42219 3.77002 
5.39056 2.61902 3.95125 3.26737 4.74332 5.21186 4.12827 4.43492 2.42125 3.76305 
5.40964 2.62128 3.9292 3.26548 4.74297 5.19303 4.15475 4.46202 2.42098 3.7565 
5.42895 2.62416 3.90744 3.26408 4.74295 5.17443 4.18144 4.48931 2.42137 3.75036 
5.44848 2.62764 3.88597 3.26317 4.74327 5.15609 4.20835 4.51678 2.42242 3.74464 
5.46823 2.63172 3.8648 3.26275 4.74393 5.13799 4.23546 4.54445 2.42413 3.73934 
5.48821 2.63641 3.84392 3.26282 4.74492 5.12013 4.26277 4.57229 2.42649 3.73446 
5.5084 2.64169 3.82335 3.26338 4.74625 5.10253 4.29029 4.60032 2.42952 3.73001 
5.52881 2.64757 3.80309 3.26443 4.74792 5.08518 4.318 4.62852 2.43319 3.72597 
5.54943 2.65403 3.78314 3.26597 4.74993 5.06809 4.3459 4.65689 2.43752 3.72236 
5.57027 2.66109 3.76351 3.268 4.75227 5.05126 4.37399 4.68543 2.4425 3.71918 
5.59131 2.66872 3.74421 3.27051 4.75494 5.03469 4.40226 4.71414 2.44812 3.71643 
5.61255 2.67693 3.72523 3.27351 4.75795 5.01838 4.43071 4.74302 2.45438 3.71411 
5.63401 2.68571 3.70659 3.277 4.7613 5.00234 4.45934 4.77205 2.46127 3.71221 
5.65566 2.69505 3.68829 3.28098 4.76498 4.98657 4.48815 4.80124 2.46879 3.71075 
5.67751 2.70496 3.67034 3.28543 4.76899 4.97107 4.51712 4.83059 2.47693 3.70971 
5.69956 2.71541 3.65273 3.29037 4.77333 4.95584 4.54626 4.86009 2.48569 3.70911 
5.7218 2.72642 3.63548 3.29578 4.77801 4.9409 4.57557 4.88974 2.49507 3.70894 
5.74424 2.73796 3.61859 3.30167 4.78301 4.92623 4.60504 4.91953 2.50504 3.7092 
5.76687 2.75004 3.60207 3.30803 4.78834 4.91184 4.63466 4.94947 2.51562 3.70989 
5.78968 2.76264 3.58591 3.31486 4.794 4.89774 4.66444 4.97955 2.52678 3.71101 
5.81268 2.77576 3.57013 3.32216 4.79999 4.88392 4.69437 5.00977 2.53852 3.71257 
5.83586 2.7894 3.55473 3.32993 4.8063 4.8704 4.72445 5.04012 2.55084 3.71455 
5.85923 2.80354 3.53972 3.33816 4.81294 4.85716 4.75468 5.07061 2.56372 3.71696 
5.88277 2.81818 3.52509 3.34684 4.8199 4.84422 4.78505 5.10123 2.57715 3.7198 
5.90649 2.8333 3.51086 3.35598 4.82718 4.83158 4.81556 5.13198 2.59114 3.72307 
5.93039 2.84891 3.49703 3.36557 4.83478 4.81924 4.84621 5.16286 2.60566 3.72677 
5.95446 2.86499 3.4836 3.3756 4.8427 4.80719 4.87699 5.19386 2.62072 3.73089 
5.9787 2.88153 3.47058 3.38608 4.85094 4.79545 4.90791 5.22498 2.63629 3.73543 
6.00311 2.89854 3.45798 3.397 4.85949 4.78402 4.93896 5.25622 2.65238 3.7404 
6.02768 2.91599 3.44579 3.40835 4.86835 4.77289 4.97014 5.28758 2.66897 3.74579 
6.05242 2.93388 3.43403 3.42013 4.87753 4.76207 5.00144 5.31906 2.68605 3.75159 
6.07732 2.95221 3.4227 3.43234 4.88702 4.75157 5.03286 5.35065 2.70362 3.75781 
6.10239 2.97097 3.41179 3.44497 4.89681 4.74138 5.06441 5.38235 2.72166 3.76445 
6.12761 2.99014 3.40132 3.45801 4.90692 4.73151 5.09607 5.41417 2.74017 3.7715 
6.15298 3.00972 3.39129 3.47147 4.91732 4.72195 5.12785 5.44609 2.75913 3.77896 
6.17852 3.0297 3.38171 3.48534 4.92803 4.71271 5.15975 5.47811 2.77854 3.78683 
6.2042 3.05008 3.37257 3.4996 4.93904 4.7038 5.19176 5.51024 2.79839 3.7951 
6.17852 3.0297 3.38171 3.48534 4.92803 4.71271 5.15975 5.47811 2.77854 3.78683 
6.15298 3.00972 3.39129 3.47147 4.91732 4.72195 5.12785 5.44609 2.75913 3.77896 
6.12761 2.99014 3.40132 3.45801 4.90692 4.73151 5.09607 5.41417 2.74017 3.7715 
6.10239 2.97097 3.41179 3.44497 4.89681 4.74138 5.06441 5.38235 2.72166 3.76445 
6.07732 2.95221 3.4227 3.43234 4.88702 4.75157 5.03286 5.35065 2.70362 3.75781 
6.05242 2.93388 3.43403 3.42013 4.87753 4.76207 5.00144 5.31906 2.68605 3.75159 
6.02768 2.91599 3.44579 3.40835 4.86835 4.77289 4.97014 5.28758 2.66897 3.74579 
6.00311 2.89854 3.45798 3.397 4.85949 4.78402 4.93896 5.25622 2.65238 3.7404 
5.9787 2.88153 3.47058 3.38608 4.85094 4.79545 4.90791 5.22498 2.63629 3.73543 
5.95446 2.86499 3.4836 3.3756 4.8427 4.80719 4.87699 5.19386 2.62072 3.73089 
5.93039 2.84891 3.49703 3.36557 4.83478 4.81924 4.84621 5.16286 2.60566 3.72677 
5.90649 2.8333 3.51086 3.35598 4.82718 4.83158 4.81556 5.13198 2.59114 3.72307 
5.88277 2.81818 3.52509 3.34684 4.8199 4.84422 4.78505 5.10123 2.57715 3.7198 
5.85923 2.80354 3.53972 3.33816 4.81294 4.85716 4.75468 5.07061 2.56372 3.71696 
5.83586 2.7894 3.55473 3.32993 4.8063 4.8704 4.72445 5.04012 2.55084 3.71455 
5.81268 2.77576 3.57013 3.32216 4.79999 4.88392 4.69437 5.00977 2.53852 3.71257 
5.78968 2.76264 3.58591 3.31486 4.794 4.89774 4.66444 4.97955 2.52678 3.71101 
5.76687 2.75004 3.60207 3.30803 4.78834 4.91184 4.63466 4.94947 2.51562 3.70989 
5.74424 2.73796 3.61859 3.30167 4.78301 4.92623 4.60504 4.91953 2.50504 3.7092 
5.7218 2.72642 3.63548 3.29578 4.77801 4.9409 4.57557 4.88974 2.49507 3.70894 
5.69956 2.71541 3.65273 3.29037 4.77333 4.95584 4.54626 4.86009 2.48569 3.70911 
5.67751 2.70496 3.67034 3.28543 4.76899 4.97107 4.51712 4.83059 2.47693 3.70971 
5.65566 2.69505 3.68829 3.28098 4.76498 4.98657 4.48815 4.80124 2.46879 3.71075 
5.63401 2.68571 3.70659 3.277 4.7613 5.00234 4.45934 4.77205 2.46127 3.71221 
5.61255 2.67693 3.72523 3.27351 4.75795 5.01838 4.43071 4.74302 2.45438 3.71411 
5.59131 2.66872 3.74421 3.27051 4.75494 5.03469 4.40226 4.71414 2.44812 3.71643 
5.57027 2.66109 3.76351 3.268 4.75227 5.05126 4.37399 4.68543 2.4425 3.71918 
5.54943 2.65403 3.78314 3.26597 4.74993 5.06809 4.3459 4.65689 2.43752 3.72236 
5.52881 2.64757 3.80309 3.26443 4.74792 5.08518 4.318 4.62852 2.43319 3.72597 
5.5084 2.64169 3.82335 3.26338 4.74625 5.10253 4.29029 4.60032 2.42952 3.73001 
5.48821 2.63641 3.84392 3.26282 4.74492 5.12013 4.26277 4.57229 2.42649 3.73446 
5.46823 2.63172 3.8648 3.26275 4.74393 5.13799 4.23546 4.54445 2.42413 3.73934 
5.44848 2.62764 3.88597 3.26317 4.74327 5.15609 4.20835 4.51678 2.42242 3.74464 
5.42895 2.62416 3.90744 3.26408 4.74295 5.17443 4.18144 4.48931 2.42137 3.75036 
5.40964 2.62128 3.9292 3.26548 4.74297 5.19303 4.15475 4.46202 2.42098 3.7565 
5.39056 2.61902 3.95125 3.26737 4.74332 5.21186 4.12827 4.43492 2.42125 3.76305 
5.37171 2.61736 3.97357 3.26975 4.74401 5.23093 4.10201 4.40802 2.42219 3.77002 
5.3531 2.61631 3.99617 3.27262 4.74504 5.25023 4.07597 4.38133 2.42378 3.77739 
5.33472 2.61588 4.01905 3.27597 4.7464 5.26977 4.05017 4.35483 2.42603 3.78518 
5.31657 2.61605 4.04219 3.2798 4.74811 5.28954 4.02459 4.32854 2.42894 3.79337 
5.29867 2.61684 4.06559 3.28412 4.75014 5.30953 3.99925 4.30247 2.4325 3.80196 
5.28101 2.61824 4.08924 3.28892 4.75252 5.32975 3.97415 4.27661 2.43672 3.81096 
5.26359 2.62025 4.11315 3.2942 4.75523 5.3502 3.9493 4.25096 2.44158 3.82035 
5.24642 2.62286 4.13731 3.29995 4.75827 5.37086 3.92469 4.22555 2.44709 3.83013 
5.2295 2.62609 4.16172 3.30618 4.76165 5.39174 3.90035 4.20035 2.45323 3.84031 
5.21283 2.62991 4.18636 3.31288 4.76536 5.41284 3.87626 4.17539 2.46001 3.85088 
5.19642 2.63434 4.21124 3.32005 4.76941 5.43415 3.85243 4.15067 2.46743 3.86183 
5.18026 2.63937 4.23635 3.32768 4.77378 5.45567 3.82888 4.12618 2.47546 3.87317 
5.16437 2.645 4.26169 3.33578 4.77849 5.47739 3.8056 4.10194 2.48412 3.88488 
5.14873 2.65121 4.28725 3.34434 4.78352 5.49932 3.7826 4.07795 2.49338 3.89697 
5.13336 2.65801 4.31303 3.35335 4.78889 5.52146 3.75989 4.05421 2.50325 3.90943 
5.11825 2.6654 4.33903 3.36281 4.79458 5.54379 3.73746 4.03072 2.51372 3.92226 
5.10342 2.67336 4.36524 3.37272 4.8006 5.56632 3.71533 4.0075 2.52478 3.93545 
5.08885 2.6819 4.39165 3.38307 4.80695 5.58905 3.6935 3.98455 2.53642 3.94901 
5.07456 2.69101 4.41827 3.39386 4.81362 5.61197 3.67198 3.96186 2.54864 3.96292 
5.06054 2.70067 4.4451 3.40509 4.82061 5.63508 3.65077 3.93945 2.56142 3.97718 
5.0468 2.7109 4.47211 3.41675 4.82792 5.65838 3.62987 3.91732 2.57476 3.9918 
5.03335 2.72167 4.49933 3.42884 4.83555 5.68187 3.6093 3.89548 2.58865 4.00676 
5.02017 2.73298 4.52673 3.44135 4.8435 5.70554 3.58906 3.87393 2.60308 4.02206 
5.00728 2.74483 4.55431 3.45428 4.85177 5.72939 3.56915 3.85267 2.61804 4.03771 
4.99468 2.75721 4.58209 3.46762 4.86035 5.75342 3.54958 3.83171 2.63353 4.05368 
4.98237 2.77012 4.61004 3.48137 4.86925 5.77763 3.53035 3.81105 2.64953 4.06999 
4.97034 2.78353 4.63816 3.49552 4.87846 5.80201 3.51147 3.79071 2.66603 4.08662 
4.95861 2.79746 4.66646 3.51008 4.88798 5.82657 3.49295 3.77067 2.68303 4.10358 
4.94718 2.81189 4.69493 3.52502 4.8978 5.85129 3.47479 3.75096 2.70051 4.12085 
4.93605 2.8268 4.72357 3.54036 4.90794 5.87618 3.457 3.73158 2.71847 4.13844 
4.92521 2.84221 4.75237 3.55608 4.91837 5.90124 3.43958 3.71252 2.73689 4.15634 
4.91468 2.85809 4.78134 3.57217 4.92911 5.92647 3.42254 3.6938 2.75578 4.17455 
4.90445 2.87444 4.81046 3.58865 4.94015 5.95185 3.40589 3.67542 2.77511 4.19305 
4.89452 2.89125 4.83974 3.60549 4.95149 5.9774 3.38963 3.65738 2.79488 4.21186 
4.8849 2.90851 4.86917 3.62269 4.96313 6.0031 3.37376 3.63969 2.81508 4.23096 
4.87559 2.92622 4.89874 3.64025 4.97506 6.02896 3.35829 3.62236 2.8357 4.25035 
4.8666 2.94436 4.92847 3.65816 4.98728 6.05497 3.34323 3.60539 2.85673 4.27003 
4.85791 2.96293 4.95834 3.67643 4.99979 6.08114 3.32858 3.58878 2.87816 4.28999 
4.84954 2.98193 4.98835 3.69503 5.01259 6.10745 3.31435 3.57255 2.89999 4.31024 
4.85791 2.96293 4.95834 3.67643 4.99979 6.08114 3.32858 3.58878 2.87816 4.28999 
4.85791 2.96293 4.95834 3.67643 4.99979 6.08114 3.32858 3.58878 2.87816 4.28999 
4.85791 2.96293 4.95834 3.67643 4.99979 6.08114 3.32858 3.58878 2.87816 4.28999 
4.85791 2.96293 4.95834 3.67643 4.99979 6.08114 3.32858 3.58878 2.87816 4.28999 
4.85791 2.96293 4.95834 3.67643 4.99979 6.08114 3.32858 3.58878 2.87816 4.28999 
4.85791 2.96293 4.95834 3.67643 4.99979 6.08114 3.32858 3.58878 2.87816 4.28999 
4.85791 2.96293 4.95834 3.67643 4.99979 6.08114 3.32858 3.58878 2.87816 4.28999 
4.85791 2.96293 4.95834 3.67643 4.99979 6.08114 3.32858 3.58878 2.87816 4.28999 
4.85791 2.96293 4.95834 3.67643 4.99979 6.08114 3.32858 3.58878 2.87816 4.28999 
4.85791 2.96293 4.95834 3.67643 4.99979 6.08114 3.32858 3.58878 2.87816 4.28999 
4.85791 2.96293 4.95834 3.67643 4.99979 6.08114 3.32858 3.58878 2.87816 4.28999 
4.85791 2.96293 4.95834 3.67643 4.99979 6.08114 3.32858 3.58878 2.87816 4.28999 
4.85791 2.96293 4.95834 3.67643 4.99979 6.08114 3.32858 3.58878 2.87816 4.28999 
4.85791 2.96293 4.95834 3.67643 4.99979 6.08114 3.32858 3.58878 2.87816 4.28999 
4.85791 2.96293 4.95834 3.67643 4.99979 6.08114 3.32858 3.58878 2.87816 4.28999 
4.85791 2.96293 4.95834 3.67643 4.99979 6.08114 3.32858 3.58878 2.87816 4.28999 
4.85791 2.96293 4.95834 3.67643 4.99979 6.08114 3.32858 3.58878 2.87816 4.28999 
4.85791 2.96293 4.95834 3.67643 4.99979 6.08114 3.32858 3.58878 2.87816 4.28999 
4.85791 2.96293 4.95834 3.67643 4.99979 6.08114 3.32858 3.58878 2.87816 4.28999 
4.85791 2.96293 4.95834 3.67643 4.99979 6.08114 3.32858 3.58878 2.87816 4.28999 
4.85791 2.96293 4.95834 3.67643 4.99979 6.08114 3.32858 3.58878 2.87816 4.28999 
4.85791 2.96293 4.95834 3.67643 4.99979 6.08114 3.32858 3.58878 2.87816 4.28999 
4.85791 2.96293 4.95834 3.67643 4.99979 6.08114 3.32858 3.58878 2.87816 4.28999 
4.85791 2.96293 4.95834 3.67643 4.99979 6.08114 3.32858 3.58878 2.87816 4.28999 
4.85791 2.96293 4.95834 3.67643 4.99979 6.08114 3.32858 3.58878 2.87816 4.28999 
4.85791 2.96293 4.95834 3.67643 4.99979 6.08114 3.32858 3.58878 2.87816 4.28999 
4.85791 2.96293 4.95834 3.67643 4.99979 6.08114 3.32858 3.58878 2.87816 4.28999 
4.85791 2.96293 4.95834 3.67643 4.99979 6.08114 3.32858 3.58878 2.87816 4.28999 
4.85791 2.96293 4.95834 3.67643 4.99979 6.08114 3.32858 3.58878 2.87816 4.28999 
4.85791 2.96293 4.95834 3.67643 4.99979 6.08114 3.32858 3.58878 2.87816 4.28999 
4.85791 2.96293 4.95834 3.67643 4.99979 6.08114 3.32858 3.58878 2.87816 4.28999 
4.85791 2.96293 4.95834 3.67643 4.99979 6.08114 3.32858 3.58878 2.87816 4.28999 
4.85791 2.96293 4.95834 3.67643 4.99979 6.08114 3.32858 3.58878 2.87816 4.28999 
4.85791 2.96293 4.95834 3.67643 4.99979 6.08114 3.32858 3.58878 2.87816 4.28999 
4.85791 2.96293 4.95834 3.67643 4.99979 6.08114 3.32858 3.58878 2.87816 4.28999 
4.85791 2.96293 4.95834 3.67643 4.99979 6.08114 3.32858 3.58878 2.87816 4.28999 
4.85791 2.96293 4.95834 3.67643 4.99979 6.08114 3.32858 3.58878 2.87816 4.28999 
4.85791 2.96293 4.95834 3.67643 4.99979 6.08114 3.32858 3.58878 2.87816 4.28999 
4.85791 2.96293 4.95834 3.67643 4.99979 6.08114 3.32858 3.58878 2.87816 4.28999 
4.85791 2.96293 4.95834 3.67643 4.99979 6.08114 3.32858 3.58878 2.87816 4.28999 
4.85791 2.96293 4.95834 3.67643 4.99979 6.08114 3.32858 3.58878 2.87816 4.28999 
4.85791 2.96293 4.95834 3.67643 4.99979 6.08114 3.32858 3.58878 2.87816 4.28999 
4.85791 2.96293 4.95834 3.67643 4.99979 6.08114 3.32858 3.58878 2.87816 4.28999 
4.85791 2.96293 4.95834 3.67643 4.99979 6.08114 3.32858 3.58878 2.87816 4.28999 
4.85791 2.96293 4.95834 3.67643 4.99979 6.08114 3.32858 3.58878 2.87816 4.28999 
4.85791 2.96293 4.95834 3.67643 4.99979 6.08114 3.32858 3.58878 2.87816 4.28999 
4.85791 2.96293 4.95834 3.67643 4.99979 6.08114 3.32858 3.58878 2.87816 4.28999 
4.85791 2.96293 4.95834 3.67643 4.99979 6.08114 3.32858 3.58878 2.87816 4.28999 
4.85791 2.96293 4.95834 3.67643 4.99979 6.08114 3.32858 3.58878 2.87816 4.28999 
4.85791 2.96293 4.95834 3.67643 4.99979 6.08114 3.32858 3.58878 2.87816 4.28999 
4.85791 2.96293 4.95834 3.67643 4.99979 6.08114 3.32858 3.58878 2.87816 4.28999 
4.85791 2.96293 4.95834 3.67643 4.99979 6.08114 3.32858 3.58878 2.87816 4.28999 
4.85791 2.96293 4.95834 3.67643 4.99979 6.08114 3.32858 3.58878 2.87816 4.28999 
4.85791 2.96293 4.95834 3.67643 4.99979 6.08114 3.32858 3.58878 2.87816 4.28999 
4.85791 2.96293 4.95834 3.67643 4.99979 6.08114 3.32858 3.58878 2.87816 4.28999 
4.85791 2.96293 4.95834 3.67643 4.99979 6.08114 3.32858 3.58878 2.87816 4.28999 
4.85791 2.96293 4.95834 3.67643 4.99979 6.08114 3.32858 3.58878 2.87816 4.28999 
4.85791 2.96293 4.95834 3.67643 4.99979 6.08114 3.32858 3.58878 2.87816 4.28999 
4.85791 2.96293 4.95834 3.67643 4.99979 6.08114 3.32858 3.58878 2.87816 4.28999 
4.85791 2.96293 4.95834 3.67643 4.99979 6.08114 3.32858 3.58878 2.87816 4.28999 
4.85791 2.96293 4.95834 3.67643 4.99979 6.08114 3.32858 3.58878 2.87816 4.28999 
4.85791 2.96293 4.95834 3.67643 4.99979 6.08114 3.32858 3.58878 2.87816 4.28999 
4.85791 2.96293 4.95834 3.67643 4.99979 6.08114 3.32858 3.58878 2.87816 4.28999 
4.85791 2.96293 4.95834 3.67643 4.99979 6.08114 3.32858 3.58878 2.87816 4.28999 
4.85791 2.96293 4.95834 3.67643 4.99979 6.08114 3.32858 3.58878 2.87816 4.28999 
4.85791 2.96293 4.95834 3.67643 4.99979 6.08114 3.32858 3.58878 2.87816 4.28999 
4.85791 2.96293 4.95834 3.67643 4.99979 6.08114 3.32858 3.58878 2.87816 4.28999 
4.53349 5.39337 4.40941 3.44801 4.27065 5.07651 3.87103 6.00716 2.8968 
4.52902 5.42485 4.43737 3.43647 4.26045 5.10333 3.88308 6.02919 2.89228 
4.53349 5.39337 4.40941 3.44801 4.27065 5.07651 3.87103 6.00716 2.8968 
4.5383 5.362 4.38164 3.45997 4.28119 5.04986 3.85936 5.98532 2.90186 
4.54347 5.33075 4.35406 3.47235 4.29209 5.02339 3.84807 5.96367 2.90747 
4.54898 5.29962 4.32667 3.48515 4.30332 4.99711 3.83717 5.94221 2.91361 
4.55483 5.2686 4.29949 3.49836 4.3149 4.971 3.82665 5.92094 2.92029 
4.56103 5.23771 4.2725 3.51197 4.32682 4.94508 3.81652 5.89986 2.9275 
4.56757 5.20694 4.24572 3.52599 4.33908 4.91935 3.80678 5.87898 2.93524 
4.57445 5.1763 4.21915 3.5404 4.35166 4.89381 3.79745 5.8583 2.9435 
4.58167 5.14579 4.19279 3.5552 4.36458 4.86846 3.78851 5.83782 2.95228 
4.58922 5.1154 4.16665 3.57039 4.37782 4.84331 3.77997 5.81754 2.96158 
4.59712 5.08515 4.14073 3.58596 4.39139 4.81837 3.77184 5.79747 2.97138 
4.60534 5.05504 4.11503 3.60191 4.40528 4.79363 3.76411 5.77761 2.98169 
4.6139 5.02506 4.08957 3.61823 4.41949 4.76909 3.7568 5.75795 2.9925 
4.62279 4.99522 4.06434 3.63492 4.43402 4.74476 3.7499 5.73851 3.0038 
4.632 4.96553 4.03935 3.65197 4.44885 4.72065 3.74341 5.71928 3.01559 
4.64155 4.93598 4.0146 3.66938 4.464 4.69676 3.73734 5.70027 3.02786 
4.65142 4.90658 3.9901 3.68713 4.47945 4.67308 3.73169 5.68147 3.04061 
4.66161 4.87733 3.96585 3.70524 4.49521 4.64963 3.72646 5.6629 3.05383 
4.67212 4.84824 3.94186 3.72369 4.51126 4.62641 3.72165 5.64454 3.06751 
4.68294 4.8193 3.91813 3.74247 4.52761 4.60341 3.71727 5.62641 3.08166 
4.69409 4.79052 3.89466 3.76158 4.54425 4.58066 3.71331 5.60851 3.09625 
4.70554 4.7619 3.87147 3.78102 4.56119 4.55813 3.70978 5.59084 3.11129 
4.71731 4.73345 3.84855 3.80079 4.57841 4.53585 3.70668 5.5734 3.12677 
4.72939 4.70516 3.82591 3.82087 4.59591 4.51381 3.704 5.55619 3.14269 
4.74178 4.67705 3.80356 3.84126 4.6137 4.49203 3.70176 5.53921 3.15903 
4.75447 4.64911 3.7815 3.86196 4.63176 4.47049 3.69995 5.52248 3.17578 
4.76746 4.62135 3.75974 3.88296 4.6501 4.44921 3.69857 5.50598 3.19296 
4.78075 4.59377 3.73828 3.90425 4.6687 4.42818 3.69762 5.48973 3.21054 
4.79433 4.56637 3.71712 3.92584 4.68758 4.40742 3.69711 5.47372 3.22851 
4.80822 4.53916 3.69628 3.94772 4.70672 4.38693 3.69702 5.45795 3.24689 
4.82239 4.51214 3.67575 3.96987 4.72611 4.36671 3.69737 5.44244 3.26565 
4.83685 4.48531 3.65554 3.99231 4.74577 4.34676 3.69816 5.42717 3.28478 
4.8516 4.45868 3.63567 4.01502 4.76568 4.32709 3.69937 5.41216 3.3043 
4.86663 4.43225 3.61612 4.038 4.78585 4.3077 3.70102 5.3974 3.32418 
4.88195 4.40603 3.59692 4.06124 4.80626 4.28859 3.7031 5.3829 3.34441 
4.89754 4.38001 3.57806 4.08474 4.82692 4.26978 3.70561 5.36866 3.36501 
4.91341 4.35421 3.55955 4.10849 4.84781 4.25125 3.70855 5.35468 3.38595 
4.92956 4.32862 3.54139 4.1325 4.86895 4.23303 3.71191 5.34096 3.40723 
4.94597 4.30326 3.5236 4.15675 4.89033 4.21511 3.71571 5.3275 3.42884 
4.96265 4.27811 3.50617 4.18125 4.91193 4.19749 3.71993 5.31432 3.45079 
4.9796 4.2532 3.48911 4.20598 4.93377 4.18017 3.72458 5.3014 3.47305 
4.99681 4.22851 3.47243 4.23095 4.95583 4.16318 3.72965 5.28875 3.49564 
5.01428 4.20406 3.45613 4.25614 4.97812 4.14649 3.73514 5.27638 3.51853 
5.03201 4.17985 3.44022 4.28156 5.00062 4.13013 3.74105 5.26428 3.54172 
5.04999 4.15589 3.4247 4.30721 5.02335 4.11409 3.74738 5.25246 3.56522 
5.06823 4.13217 3.40958 4.33307 5.04629 4.09838 3.75412 5.24092 3.589 
5.08671 4.10871 3.39487 4.35914 5.06944 4.083 3.76128 5.22965 3.61307 
5.10544 4.0855 3.38056 4.38542 5.0928 4.06796 3.76885 5.21867 3.63743 
5.12441 4.06255 3.36667 4.41191 5.11637 4.05325 3.77682 5.20798 3.66205 
5.14363 4.03987 3.3532 4.43861 5.14013 4.03889 3.78521 5.19757 3.68695 
5.16308 4.01746 3.34015 4.4655 5.1641 4.02487 3.79399 5.18744 3.71211 
5.18277 3.99532 3.32754 4.49258 5.18827 4.0112 3.80318 5.17761 3.73753 
5.20269 3.97347 3.31535 4.51986 5.21263 3.99789 3.81276 5.16807 3.7632 
5.22284 3.95189 3.30361 4.54733 5.23719 3.98493 3.82274 5.15882 3.78912 
5.24322 3.93061 3.29231 4.57498 5.26193 3.97234 3.83311 5.14986 3.81529 
5.26383 3.90962 3.28146 4.60281 5.28686 3.96011 3.84387 5.1412 3.84169 
5.28466 3.88893 3.27107 4.63082 5.31198 3.94824 3.85501 5.13283 3.86833 
5.3057 3.86854 3.26113 4.65901 5.33728 3.93675 3.86654 5.12477 3.89519 
5.32697 3.84846 3.25165 4.68736 5.36275 3.92563 3.87844 5.117 3.92228 
5.34845 3.82869 3.24264 4.71589 5.3884 3.91489 3.89072 5.10954 3.94959 
5.37014 3.80924 3.23409 4.74458 5.41423 3.90453 3.90337 5.10238 3.97711 
5.39204 3.79011 3.22603 4.77344 5.44023 3.89455 3.91639 5.09552 4.00485 
5.41415 3.77131 3.21843 4.80245 5.46639 3.88495 3.92977 5.08897 4.03279 
5.43646 3.75284 3.21132 4.83162 5.49273 3.87575 3.94351 5.08272 4.06093 
5.45897 3.7347 3.20469 4.86095 5.51923 3.86694 3.95761 5.07679 4.08927 
5.48168 3.71691 3.19855 4.89042 5.54588 3.85852 3.97206 5.07116 4.1178 
5.50459 3.69947 3.1929 4.92005 5.5727 3.8505 3.98686 5.06584 4.14652 
5.5277 3.68238 3.18774 4.94982 5.59968 3.84288 4.002 5.06083 4.17543 
5.551 3.66564 3.18307 4.97973 5.62681 3.83566 4.01749 5.05613 4.20452 
5.57448 3.64927 3.17891 5.00979 5.6541 3.82885 4.03331 5.05174 4.23378 
5.59816 3.63326 3.17523 5.03998 5.68153 3.82244 4.04947 5.04767 4.26323 
5.62201 3.61763 3.17206 5.07031 5.70911 3.81644 4.06595 5.04391 4.29284 
5.64606 3.60237 3.1694 5.10078 5.73684 3.81085 4.08277 5.04047 4.32262 
5.67028 3.58749 3.16723 5.13137 5.76472 3.80568 4.0999 5.03734 4.35256 
5.69468 3.573 3.16557 5.16209 5.79273 3.80091 4.11735 5.03453 4.38267 
5.67028 3.58749 3.16723 5.13137 5.76472 3.80568 4.0999 5.03734 4.35256 
5.67028 3.58749 3.16723 5.13137 5.76472 3.80568 4.0999 5.03734 4.35256 
5.67028 3.58749 3.16723 5.13137 5.76472 3.80568 4.0999 5.03734 4.35256 
5.67028 3.58749 3.16723 5.13137 5.76472 3.80568 4.0999 5.03734 4.35256 
5.67028 3.58749 3.16723 5.13137 5.76472 3.80568 4.0999 5.03734 4.35256 
5.67028 3.58749 3.16723 5.13137 5.76472 3.80568 4.0999 5.03734 4.35256 
5.67028 3.58749 3.16723 5.13137 5.76472 3.80568 4.0999 5.03734 4.35256 
5.67028 3.58749 3.16723 5.13137 5.76472 3.80568 4.0999 5.03734 4.35256 
5.67028 3.58749 3.16723 5.13137 5.76472 3.80568 4.0999 5.03734 4.35256 
5.67028 3.58749 3.16723 5.13137 5.76472 3.80568 4.0999 5.03734 4.35256 
5.67028 3.58749 3.16723 5.13137 5.76472 3.80568 4.0999 5.03734 4.35256 
5.67028 3.58749 3.16723 5.13137 5.76472 3.80568 4.0999 5.03734 4.35256 
5.67028 3.58749 3.16723 5.13137 5.76472 3.80568 4.0999 5.03734 4.35256 
5.67028 3.58749 3.16723 5.13137 5.76472 3.80568 4.0999 5.03734 4.35256 
5.67028 3.58749 3.16723 5.13137 5.76472 3.80568 4.0999 5.03734 4.35256 
5.67028 3.58749 3.16723 5.13137 5.76472 3.80568 4.0999 5.03734 4.35256 
5.67028 3.58749 3.16723 5.13137 5.76472 3.80568 4.0999 5.03734 4.35256 
5.67028 3.58749 3.16723 5.13137 5.76472 3.80568 4.0999 5.03734 4.35256 
5.67028 3.58749 3.16723 5.13137 5.76472 3.80568 4.0999 5.03734 4.35256 
5.67028 3.58749 3.16723 5.13137 5.76472 3.80568 4.0999 5.03734 4.35256 
5.67028 3.58749 3.16723 5.13137 5.76472 3.80568 4.0999 5.03734 4.35256 
5.67028 3.58749 3.16723 5.13137 5.76472 3.80568 4.0999 5.03734 4.35256 
5.67028 3.58749 3.16723 5.13137 5.76472 3.80568 4.0999 5.03734 4.35256 
5.67028 3.58749 3.16723 5.13137 5.76472 3.80568 4.0999 5.03734 4.35256 
5.67028 3.58749 3.16723 5.13137 5.76472 3.80568 4.0999 5.03734 4.35256 
5.67028 3.58749 3.16723 5.13137 5.76472 3.80568 4.0999 5.03734 4.35256 
5.67028 3.58749 3.16723 5.13137 5.76472 3.80568 4.0999 5.03734 4.35256 
5.67028 3.58749 3.16723 5.13137 5.76472 3.80568 4.0999 5.03734 4.35256 
5.67028 3.58749 3.16723 5.13137 5.76472 3.80568 4.0999 5.03734 4.35256 
5.67028 3.58749 3.16723 5.13137 5.76472 3.80568 4.0999 5.03734 4.35256 
5.67028 3.58749 3.16723 5.13137 5.76472 3.80568 4.0999 5.03734 4.35256 
5.67028 3.58749 3.16723 5.13137 5.76472 3.80568 4.0999 5.03734 4.35256 
5.67028 3.58749 3.16723 5.13137 5.76472 3.80568 4.0999 5.03734 4.35256 
5.67028 3.58749 3.16723 5.13137 5.76472 3.80568 4.0999 5.03734 4.35256 
5.67028 3.58749 3.16723 5.13137 5.76472 3.80568 4.0999 5.03734 4.35256 
5.67028 3.58749 3.16723 5.13137 5.76472 3.80568 4.0999 5.03734 4.35256 
5.67028 3.58749 3.16723 5.13137 5.76472 3.80568 4.0999 5.03734 4.35256 
5.67028 3.58749 3.16723 5.13137 5.76472 3.80568 4.0999 5.03734 4.35256 
5.67028 3.58749 3.16723 5.13137 5.76472 3.80568 4.0999 5.03734 4.35256 
5.67028 3.58749 3.16723 5.13137 5.76472 3.80568 4.0999 5.03734 4.35256 
5.67028 3.58749 3.16723 5.13137 5.76472 3.80568 4.0999 5.03734 4.35256 
5.67028 3.58749 3.16723 5.13137 5.76472 3.80568 4.0999 5.03734 4.35256 
5.67028 3.58749 3.16723 5.13137 5.76472 3.80568 4.0999 5.03734 4.35256 
5.67028 3.58749 3.16723 5.13137 5.76472 3.80568 4.0999 5.03734 4.35256 
5.67028 3.58749 3.16723 5.13137 5.76472 3.80568 4.0999 5.03734 4.35256 
5.67028 3.58749 3.16723 5.13137 5.76472 3.80568 4.0999 5.03734 4.35256 
5.67028 3.58749 3.16723 5.13137 5.76472 3.80568 4.0999 5.03734 4.35256 
5.67028 3.58749 3.16723 5.13137 5.76472 3.80568 4.0999 5.03734 4.35256 
5.67028 3.58749 3.16723 5.13137 5.76472 3.80568 4.0999 5.03734 4.35256 
5.67028 3.58749 3.16723 5.13137 5.76472 3.80568 4.0999 5.03734 4.35256 
5.67028 3.58749 3.16723 5.13137 5.76472 3.80568 4.0999 5.03734 4.35256 
5.67028 3.58749 3.16723 5.13137 5.76472 3.80568 4.0999 5.03734 4.35256 
5.67028 3.58749 3.16723 5.13137 5.76472 3.80568 4.0999 5.03734 4.35256 
5.67028 3.58749 3.16723 5.13137 5.76472 3.80568 4.0999 5.03734 4.35256 
5.67028 3.58749 3.16723 5.13137 5.76472 3.80568 4.0999 5.03734 4.35256 
5.67028 3.58749 3.16723 5.13137 5.76472 3.80568 4.0999 5.03734 4.35256 
5.67028 3.58749 3.16723 5.13137 5.76472 3.80568 4.0999 5.03734 4.35256 
5.67028 3.58749 3.16723 5.13137 5.76472 3.80568 4.0999 5.03734 4.35256 
5.67028 3.58749 3.16723 5.13137 5.76472 3.80568 4.0999 5.03734 4.35256 
5.67028 3.58749 3.16723 5.13137 5.76472 3.80568 4.0999 5.03734 4.35256 
5.67028 3.58749 3.16723 5.13137 5.76472 3.80568 4.0999 5.03734 4.35256 
5.67028 3.58749 3.16723 5.13137 5.76472 3.80568 4.0999 5.03734 4.35256 
5.67028 3.58749 3.16723 5.13137 5.76472 3.80568 4.0999 5.03734 4.35256 
5.67028 3.58749 3.16723 5.13137 5.76472 3.80568 4.0999 5.03734 4.35256 
5.67028 3.58749 3.16723 5.13137 5.76472 3.80568 4.0999 5.03734 4.35256 
5.67028 3.58749 3.16723 5.13137 5.76472 3.80568 4.0999 5.03734 4.35256 
5.67028 3.58749 3.16723 5.13137 5.76472 3.80568 4.0999 5.03734 4.35256 
5.67028 3.58749 3.16723 5.13137 5.76472 3.80568 4.0999 5.03734 4.35256 
5.67028 3.58749 3.16723 5.13137 5.76472 3.80568 4.0999 5.03734 4.35256 
5.67028 3.58749 3.16723 5.13137 5.76472 3.80568 4.0999 5.03734 4.35256 
5.67028 3.58749 3.16723 5.13137 5.76472 3.80568 4.0999 5.03734 4.35256 
5.67028 3.58749 3.16723 5.13137 5.76472 3.80568 4.0999 5.03734 4.35256 
5.67028 3.58749 3.16723 5.13137 5.76472 3.80568 4.0999 5.03734 4.35256 
5.67028 3.58749 3.16723 5.13137 5.76472 3.80568 4.0999 5.03734 4.35256 
5.67028 3.58749 3.16723 5.13137 5.76472 3.80568 4.0999 5.03734 4.35256 
5.67028 3.58749 3.16723 5.13137 5.76472 3.80568 4.0999 5.03734 4.35256 
5.67028 3.58749 3.16723 5.13137 5.76472 3.80568 4.0999 5.03734 4.35256 
5.67028 3.58749 3.16723 5.13137 5.76472 3.80568 4.0999 5.03734 4.35256 
5.67028 3.58749 3.16723 5.13137 5.76472 3.80568 4.0999 5.03734 4.35256 
5.67028 3.58749 3.16723 5.13137 5.76472 3.80568 4.0999 5.03734 4.35256 
5.67028 3.58749 3.16723 5.13137 5.76472 3.80568 4.0999 5.03734 4.35256 
5.67028 3.58749 3.16723 5.13137 5.76472 3.80568 4.0999 5.03734 4.35256 
5.67028 3.58749 3.16723 5.13137 5.76472 3.80568 4.0999 5.03734 4.35256 
5.67028 3.58749 3.16723 5.13137 5.76472 3.80568 4.0999 5.03734 4.35256 
5.67028 3.58749 3.16723 5.13137 5.76472 3.80568 4.0999 5.03734 4.35256 
5.67028 3.58749 3.16723 5.13137 5.76472 3.80568 4.0999 5.03734 4.35256 
5.67028 3.58749 3.16723 5.13137 5.76472 3.80568 4.0999 5.03734 4.35256 
5.67028 3.58749 3.16723 5.13137 5.76472 3.80568 4.0999 5.03734 4.35256 
5.67028 3.58749 3.16723 5.13137 5.76472 3.80568 4.0999 5.03734 4.35256 
5.67028 3.58749 3.16723 5.13137 5.76472 3.80568 4.0999 5.03734 4.35256 
5.67028 3.58749 3.16723 5.13137 5.76472 3.80568 4.0999 5.03734 4.35256 
5.67028 3.58749 3.16723 5.13137 5.76472 3.80568 4.0999 5.03734 4.35256 
5.67028 3.58749 3.16723 5.13137 5.76472 3.80568 4.0999 5.03734 4.35256 
5.67028 3.58749 3.16723 5.13137 5.76472 3.80568 4.0999 5.03734 4.35256 
5.67028 3.58749 3.16723 5.13137 5.76472 3.80568 4.0999 5.03734 4.35256 
5.67028 3.58749 3.16723 5.13137 5.76472 3.80568 4.0999 5.03734 4.35256 
5.67028 3.58749 3.16723 5.13137 5.76472 3.80568 4.0999 5.03734 4.35256 
5.67028 3.58749 3.16723 5.13137 5.76472 3.80568 4.0999 5.03734 4.35256 
5.67028 3.58749 3.16723 5.13137 5.76472 3.80568 4.0999 5.03734 4.35256 
5.67028 3.58749 3.16723 5.13137 5.76472 3.80568 4.0999 5.03734 4.35256 
5.67028 3.58749 3.16723 5.13137 5.76472 3.80568 4.0999 5.03734 4.35256 
5.67028 3.58749 3.16723 5.13137 5.76472 3.80568 4.0999 5.03734 4.35256 
5.67028 3.58749 3.16723 5.13137 5.76472 3.80568 4.0999 5.03734 4.35256 
5.67028 3.58749 3.16723 5.13137 5.76472 3.80568 4.0999 
5.69468 3.573 3.16557 5.16209 5.79273 3.80091 4.11735 
5.67028 3.58749 3.16723 5.13137 5.76472 3.80568 4.0999 
5.64606 3.60237 3.1694 5.10078 5.73684 3.81085 4.08277 
5.62201 3.61763 3.17206 5.07031 5.70911 3.81644 4.06595 
5.59816 3.63326 3.17523 5.03998 5.68153 3.82244 4.04947 
5.57448 3.64927 3.17891 5.00979 5.6541 3.82885 4.03331 
5.551 3.66564 3.18307 4.97973 5.62681 3.83566 4.01749 
5.5277 3.68238 3.18774 4.94982 5.59968 3.84288 4.002 
5.50459 3.69947 3.1929 4.92005 5.5727 3.8505 3.98686 
5.48168 3.71691 3.19855 4.89042 5.54588 3.85852 3.97206 
5.45897 3.7347 3.20469 4.86095 5.51923 3.86694 3.95761 
5.43646 3.75284 3.21132 4.83162 5.49273 3.87575 3.94351 
5.41415 3.77131 3.21843 4.80245 5.46639 3.88495 3.92977 
5.39204 3.79011 3.22603 4.77344 5.44023 3.89455 3.91639 
5.37014 3.80924 3.23409 4.74458 5.41423 3.90453 3.90337 
5.34845 3.82869 3.24264 4.71589 5.3884 3.91489 3.89072 
5.32697 3.84846 3.25165 4.68736 5.36275 3.92563 3.87844 
5.3057 3.86854 3.26113 4.65901 5.33728 3.93675 3.86654 
5.28466 3.88893 3.27107 4.63082 5.31198 3.94824 3.85501 
5.26383 3.90962 3.28146 4.60281 5.28686 3.96011 3.84387 
5.24322 3.93061 3.29231 4.57498 5.26193 3.97234 3.83311 
5.22284 3.95189 3.30361 4.54733 5.23719 3.98493 3.82274 
5.20269 3.97347 3.31535 4.51986 5.21263 3.99789 3.81276 
5.18277 3.99532 3.32754 4.49258 5.18827 4.0112 3.80318 
5.16308 4.01746 3.34015 4.4655 5.1641 4.02487 3.79399 
5.14363 4.03987 3.3532 4.43861 5.14013 4.03889 3.78521 
5.12441 4.06255 3.36667 4.41191 5.11637 4.05325 3.77682 
5.10544 4.0855 3.38056 4.38542 5.0928 4.06796 3.76885 
5.08671 4.10871 3.39487 4.35914 5.06944 4.083 3.76128 
5.06823 4.13217 3.40958 4.33307 5.04629 4.09838 3.75412 
5.04999 4.15589 3.4247 4.30721 5.02335 4.11409 3.74738 
5.03201 4.17985 3.44022 4.28156 5.00062 4.13013 3.74105 
5.01428 4.20406 3.45613 4.25614 4.97812 4.14649 3.73514 
4.99681 4.22851 3.47243 4.23095 4.95583 4.16318 3.72965 
4.9796 4.2532 3.48911 4.20598 4.93377 4.18017 3.72458 
4.96265 4.27811 3.50617 4.18125 4.91193 4.19749 3.71993 
4.94597 4.30326 3.5236 4.15675 4.89033 4.21511 3.71571 
4.92956 4.32862 3.54139 4.1325 4.86895 4.23303 3.71191 
4.91341 4.35421 3.55955 4.10849 4.84781 4.25125 3.70855 
4.89754 4.38001 3.57806 4.08474 4.82692 4.26978 3.70561 
4.88195 4.40603 3.59692 4.06124 4.80626 4.28859 3.7031 
4.86663 4.43225 3.61612 4.038 4.78585 4.3077 3.70102 
4.8516 4.45868 3.63567 4.01502 4.76568 4.32709 3.69937 
4.83685 4.48531 3.65554 3.99231 4.74577 4.34676 3.69816 
4.82239 4.51214 3.67575 3.96987 4.72611 4.36671 3.69737 
4.80822 4.53916 3.69628 3.94772 4.70672 4.38693 3.69702 
4.79433 4.56637 3.71712 3.92584 4.68758 4.40742 3.69711 
4.78075 4.59377 3.73828 3.90425 4.6687 4.42818 3.69762 
4.76746 4.62135 3.75974 3.88296 4.6501 4.44921 3.69857 
4.75447 4.64911 3.7815 3.86196 4.63176 4.47049 3.69995 
4.74178 4.67705 3.80356 3.84126 4.6137 4.49203 3.70176 
4.72939 4.70516 3.82591 3.82087 4.59591 4.51381 3.704 
4.71731 4.73345 3.84855 3.80079 4.57841 4.53585 3.70668 
4.70554 4.7619 3.87147 3.78102 4.56119 4.55813 3.70978 
4.69409 4.79052 3.89466 3.76158 4.54425 4.58066 3.71331 
4.68294 4.8193 3.91813 3.74247 4.52761 4.60341 3.71727 
4.67212 4.84824 3.94186 3.72369 4.51126 4.62641 3.72165 
4.66161 4.87733 3.96585 3.70524 4.49521 4.64963 3.72646 
4.65142 4.90658 3.9901 3.68713 4.47945 4.67308 3.73169 
4.64155 4.93598 4.0146 3.66938 4.464 4.69676 3.73734 
4.632 4.96553 4.03935 3.65197 4.44885 4.72065 3.74341 
4.62279 4.99522 4.06434 3.63492 4.43402 4.74476 3.7499 
4.6139 5.02506 4.08957 3.61823 4.41949 4.76909 3.7568 
4.60534 5.05504 4.11503 3.60191 4.40528 4.79363 3.76411 
4.59712 5.08515 4.14073 3.58596 4.39139 4.81837 3.77184 
4.58922 5.1154 4.16665 3.57039 4.37782 4.84331 3.77997 
4.58167 5.14579 4.19279 3.5552 4.36458 4.86846 3.78851 
4.57445 5.1763 4.21915 3.5404 4.35166 4.89381 3.79745 
4.56757 5.20694 4.24572 3.52599 4.33908 4.91935 3.80678 
4.56103 5.23771 4.2725 3.51197 4.32682 4.94508 3.81652 
4.55483 5.2686 4.29949 3.49836 4.3149 4.971 3.82665 
4.54898 5.29962 4.32667 3.48515 4.30332 4.99711 3.83717 
4.54347 5.33075 4.35406 3.47235 4.29209 5.02339 3.84807 
4.5383 5.362 4.38164 3.45997 4.28119 5.04986 3.85936 
4.53349 5.39337 4.40941 3.44801 4.27065 5.07651 3.87103 
4.52902 5.42485 4.43737 3.43647 4.26045 5.10333 3.88308 
4.53349 5.39337 4.40941 3.44801 4.27065 5.07651 3.87103 
4.5383 5.362 4.38164 3.45997 4.28119 5.04986 3.85936 
4.54347 5.33075 4.35406 3.47235 4.29209 5.02339 3.84807 
4.54898 5.29962 4.32667 3.48515 4.30332 4.99711 3.83717 
4.55483 5.2686 4.29949 3.49836 4.3149 4.971 3.82665 
4.56103 5.23771 4.2725 3.51197 4.32682 4.94508 3.81652 
4.56757 5.20694 4.24572 3.52599 4.33908 4.91935 3.80678 
4.57445 5.1763 4.21915 3.5404 4.35166 4.89381 3.79745 
4.58167 5.14579 4.19279 3.5552 4.36458 4.86846 3.78851 
4.58922 5.1154 4.16665 3.57039 4.37782 4.84331 3.77997 
4.59712 5.08515 4.14073 3.58596 4.39139 4.81837 3.77184 
4.60534 5.05504 4.11503 3.60191 4.40528 4.79363 3.76411 
4.6139 5.02506 4.08957 3.61823 4.41949 4.76909 3.7568 
4.62279 4.99522 4.06434 3.63492 4.43402 4.74476 3.7499 
4.632 4.96553 4.03935 3.65197 4.44885 4.72065 3.74341 
4.64155 4.93598 4.0146 3.66938 4.464 4.69676 3.73734 
4.65142 4.90658 3.9901 3.68713 4.47945 4.67308 3.73169 
4.66161 4.87733 3.96585 3.70524 4.49521 4.64963 3.72646 
4.67212 4.84824 3.94186 3.72369 4.51126 4.62641 3.72165 
4.68294 4.8193 3.91813 3.74247 4.52761 4.60341 3.71727 
4.69409 4.79052 3.89466 3.76158 4.54425 4.58066 3.71331 
4.70554 4.7619 3.87147 3.78102 4.56119 4.55813 3.70978 
4.71731 4.73345 3.84855 3.80079 4.57841 4.53585 3.70668 
4.72939 4.70516 3.82591 3.82087 4.59591 4.51381 3.704 
4.74178 4.67705 3.80356 3.84126 4.6137 4.49203 3.70176 
4.75447 4.64911 3.7815 3.86196 4.63176 4.47049 3.69995 
4.76746 4.62135 3.75974 3.88296 4.6501 4.44921 3.69857 
4.78075 4.59377 3.73828 3.90425 4.6687 4.42818 3.69762 
4.79433 4.56637 3.71712 3.92584 4.68758 4.40742 3.69711 
4.80822 4.53916 3.69628 3.94772 4.70672 4.38693 3.69702 
4.82239 4.51214 3.67575 3.96987 4.72611 4.36671 3.69737 
4.83685 4.48531 3.65554 3.99231 4.74577 4.34676 3.69816 
4.8516 4.45868 3.63567 4.01502 4.76568 4.32709 3.69937 
4.86663 4.43225 3.61612 4.038 4.78585 4.3077 3.70102 
4.88195 4.40603 3.59692 4.06124 4.80626 4.28859 3.7031 
4.89754 4.38001 3.57806 4.08474 4.82692 4.26978 3.70561 
4.91341 4.35421 3.55955 4.10849 4.84781 4.25125 3.70855 
4.92956 4.32862 3.54139 4.1325 4.86895 4.23303 3.71191 
4.94597 4.30326 3.5236 4.15675 4.89033 4.21511 3.71571 
4.96265 4.27811 3.50617 4.18125 4.91193 4.19749 3.71993 
4.9796 4.2532 3.48911 4.20598 4.93377 4.18017 3.72458 
4.99681 4.22851 3.47243 4.23095 4.95583 4.16318 3.72965 
5.01428 4.20406 3.45613 4.25614 4.97812 4.14649 3.73514 
5.03201 4.17985 3.44022 4.28156 5.00062 4.13013 3.74105 
5.04999 4.15589 3.4247 4.30721 5.02335 4.11409 3.74738 
5.06823 4.13217 3.40958 4.33307 5.04629 4.09838 3.75412 
5.08671 4.10871 3.39487 4.35914 5.06944 4.083 3.76128 
5.10544 4.0855 3.38056 4.38542 5.0928 4.06796 3.76885 
5.12441 4.06255 3.36667 4.41191 5.11637 4.05325 3.77682 
5.14363 4.03987 3.3532 4.43861 5.14013 4.03889 3.78521 
5.16308 4.01746 3.34015 4.4655 5.1641 4.02487 3.79399 
5.18277 3.99532 3.32754 4.49258 5.18827 4.0112 3.80318 
5.20269 3.97347 3.31535 4.51986 5.21263 3.99789 3.81276 
5.22284 3.95189 3.30361 4.54733 5.23719 3.98493 3.82274 
5.24322 3.93061 3.29231 4.57498 5.26193 3.97234 3.83311 
5.26383 3.90962 3.28146 4.60281 5.28686 3.96011 3.84387 
5.26383 3.90962 3.28146 4.60281 5.28686 3.96011 3.84387 
5.26383 3.90962 3.28146 4.60281 5.28686 3.96011 3.84387 
5.26383 3.90962 3.28146 4.60281 5.28686 3.96011 3.84387 
5.26383 3.90962 3.28146 4.60281 5.28686 3.96011 3.84387 
5.26383 3.90962 3.28146 4.60281 5.28686 3.96011 3.84387 
5.26383 3.90962 3.28146 4.60281 5.28686 3.96011 3.84387 
5.26383 3.90962 3.28146 4.60281 5.28686 3.96011 3.84387 
5.26383 3.90962 3.28146 4.60281 5.28686 3.96011 3.84387 
5.26383 3.90962 3.28146 4.60281 5.28686 3.96011 3.84387 
5.26383 3.90962 3.28146 4.60281 5.28686 3.96011 3.84387 
5.26383 3.90962 3.28146 4.60281 5.28686 3.96011 3.84387 
5.26383 3.90962 3.28146 4.60281 5.28686 3.96011 3.84387 
5.26383 3.90962 3.28146 4.60281 5.28686 3.96011 3.84387 
5.26383 3.90962 3.28146 4.60281 5.28686 3.96011 3.84387 
5.26383 3.90962 3.28146 4.60281 5.28686 3.96011 3.84387 
5.26383 3.90962 3.28146 4.60281 5.28686 3.96011 3.84387 
5.26383 3.90962 3.28146 4.60281 5.28686 3.96011 3.84387 
5.26383 3.90962 3.28146 4.60281 5.28686 3.96011 3.84387 
5.26383 3.90962 3.28146 4.60281 5.28686 3.96011 3.84387 
5.26383 3.90962 3.28146 4.60281 5.28686 3.96011 3.84387 
5.26383 3.90962 3.28146 4.60281 5.28686 3.96011 3.84387 
5.26383 3.90962 3.28146 4.60281 5.28686 3.96011 3.84387 
5.26383 3.90962 3.28146 4.60281 5.28686 3.96011 3.84387 
5.26383 3.90962 3.28146 4.60281 5.28686 3.96011 3.84387 
5.26383 3.90962 3.28146 4.60281 5.28686 3.96011 3.84387 
5.26383 3.90962 3.28146 4.60281 5.28686 3.96011 3.84387 
5.26383 3.90962 3.28146 4.60281 5.28686 3.96011 3.84387 
5.26383 3.90962 3.28146 4.60281 5.28686 3.96011 3.84387 
5.26383 3.90962 3.28146 4.60281 5.28686 3.96011 3.84387 
5.26383 3.90962 3.28146 4.60281 5.28686 3.96011 3.84387 
5.26383 3.90962 3.28146 4.60281 5.28686 3.96011 3.84387 
5.26383 3.90962 3.28146 4.60281 5.28686 3.96011 3.84387 
5.26383 3.90962 3.28146 4.60281 5.28686 3.96011 3.84387 
5.26383 3.90962 3.28146 4.60281 5.28686 3.96011 3.84387 
5.26383 3.90962 3.28146 4.60281 5.28686 3.96011 3.84387 
5.26383 3.90962 3.28146 4.60281 5.28686 3.96011 3.84387 
5.26383 3.90962 3.28146 4.60281 5.28686 3.96011 3.84387 
5.26383 3.90962 3.28146 4.60281 5.28686 3.96011 3.84387 
5.26383 3.90962 3.28146 4.60281 5.28686 3.96011 3.84387 
5.26383 3.90962 3.28146 4.60281 5.28686 3.96011 3.84387 
5.26383 3.90962 3.28146 4.60281 5.28686 3.96011 3.84387 
5.26383 3.90962 3.28146 4.60281 5.28686 3.96011 3.84387 
5.26383 3.90962 3.28146 4.60281 5.28686 3.96011 3.84387 
5.26383 3.90962 3.28146 4.60281 5.28686 3.96011 3.84387 
5.26383 3.90962 3.28146 4.60281 5.28686 3.96011 3.84387 
5.26383 3.90962 3.28146 4.60281 5.28686 3.96011 3.84387 
5.26383 3.90962 3.28146 4.60281 5.28686 3.96011 3.84387 
5.26383 3.90962 3.28146 4.60281 5.28686 3.96011 3.84387 
5.28466 3.88893 3.27107 4.63082 5.31198 3.94824 3.85501 
5.3057 3.86854 3.26113 4.65901 5.33728 3.93675 3.86654 
5.32697 3.84846 3.25165 4.68736 5.36275 3.92563 3.87844 
5.34845 3.82869 3.24264 4.71589 5.3884 3.91489 3.89072 
5.37014 3.80924 3.23409 4.74458 5.41423 3.90453 3.90337 
5.39204 3.79011 3.22603 4.77344 5.44023 3.89455 3.91639 
5.41415 3.77131 3.21843 4.80245 5.46639 3.88495 3.92977 
5.43646 3.75284 3.21132 4.83162 5.49273 3.87575 3.94351 
5.45897 3.7347 3.20469 4.86095 5.51923 3.86694 3.95761 
5.48168 3.71691 3.19855 4.89042 5.54588 3.85852 3.97206 
5.50459 3.69947 3.1929 4.92005 5.5727 3.8505 3.98686 
5.5277 3.68238 3.18774 4.94982 5.59968 3.84288 4.002 
5.551 3.66564 3.18307 4.97973 5.62681 3.83566 4.01749 
5.57448 3.64927 3.17891 5.00979 5.6541 3.82885 4.03331 
5.59816 3.63326 3.17523 5.03998 5.68153 3.82244 4.04947 
5.62201 3.61763 3.17206 5.07031 5.70911 3.81644 4.06595 
5.64606 3.60237 3.1694 5.10078 5.73684 3.81085 4.08277 
5.67028 3.58749 3.16723 5.13137 5.76472 3.80568 4.0999 
5.69468 3.573 3.16557 5.16209 5.79273 3.80091 4.11735 
5.67028 3.58749 3.16723 5.13137 5.76472 3.80568 4.0999 
5.64606 3.60237 3.1694 5.10078 5.73684 3.81085 4.08277 
5.62201 3.61763 3.17206 5.07031 5.70911 3.81644 4.06595 
5.59816 3.63326 3.17523 5.03998 5.68153 3.82244 4.04947 
5.57448 3.64927 3.17891 5.00979 5.6541 3.82885 4.03331 
5.551 3.66564 3.18307 4.97973 5.62681 3.83566 4.01749 
5.5277 3.68238 3.18774 4.94982 5.59968 3.84288 4.002 
5.50459 3.69947 3.1929 4.92005 5.5727 3.8505 3.98686 
5.48168 3.71691 3.19855 4.89042 5.54588 3.85852 3.97206 
5.45897 3.7347 3.20469 4.86095 5.51923 3.86694 3.95761 
5.43646 3.75284 3.21132 4.83162 5.49273 3.87575 3.94351 
5.41415 3.77131 3.21843 4.80245 5.46639 3.88495 3.92977 
5.39204 3.79011 3.22603 4.77344 5.44023 3.89455 3.91639 
5.37014 3.80924 3.23409 4.74458 5.41423 3.90453 3.90337 
5.34845 3.82869 3.24264 4.71589 5.3884 3.91489 3.89072 
5.32697 3.84846 3.25165 4.68736 5.36275 3.92563 3.87844 
5.3057 3.86854 3.26113 4.65901 5.33728 3.93675 3.86654 
5.28466 3.88893 3.27107 4.63082 5.31198 3.94824 3.85501 
5.26383 3.90962 3.28146 4.60281 5.28686 3.96011 3.84387 
5.24322 3.93061 3.29231 4.57498 5.26193 3.97234 3.83311 
5.22284 3.95189 3.30361 4.54733 5.23719 3.98493 3.82274 
5.20269 3.97347 3.31535 4.51986 5.21263 3.99789 3.81276 
5.18277 3.99532 3.32754 4.49258 5.18827 4.0112 3.80318 
5.16308 4.01746 3.34015 4.4655 5.1641 4.02487 3.79399 
5.14363 4.03987 3.3532 4.43861 5.14013 4.03889 3.78521 
5.12441 4.06255 3.36667 4.41191 5.11637 4.05325 3.77682 
5.10544 4.0855 3.38056 4.38542 5.0928 4.06796 3.76885 
5.08671 4.10871 3.39487 4.35914 5.06944 4.083 3.76128 
5.06823 4.13217 3.40958 4.33307 5.04629 4.09838 3.75412 
5.04999 4.15589 3.4247 4.30721 5.02335 4.11409 3.74738 
5.03201 4.17985 3.44022 4.28156 5.00062 4.13013 3.74105 
5.01428 4.20406 3.45613 4.25614 4.97812 4.14649 3.73514 
4.99681 4.22851 3.47243 4.23095 4.95583 4.16318 3.72965 
4.9796 4.2532 3.48911 4.20598 4.93377 4.18017 3.72458 
4.96265 4.27811 3.50617 4.18125 4.91193 4.19749 3.71993 
4.94597 4.30326 3.5236 4.15675 4.89033 4.21511 3.71571 
4.92956 4.32862 3.54139 4.1325 4.86895 4.23303 3.71191 
4.91341 4.35421 3.55955 4.10849 4.84781 4.25125 3.70855 
4.89754 4.38001 3.57806 4.08474 4.82692 4.26978 3.70561 
4.88195 4.40603 3.59692 4.06124 4.80626 4.28859 3.7031 
4.86663 4.43225 3.61612 4.038 4.78585 4.3077 3.70102 
4.8516 4.45868 3.63567 4.01502 4.76568 4.32709 3.69937 
4.83685 4.48531 3.65554 3.99231 4.74577 4.34676 3.69816 
4.82239 4.51214 3.67575 3.96987 4.72611 4.36671 3.69737 
4.80822 4.53916 3.69628 3.94772 4.70672 4.38693 3.69702 
4.79433 4.56637 3.71712 3.92584 4.68758 4.40742 3.69711 
4.78075 4.59377 3.73828 3.90425 4.6687 4.42818 3.69762 
4.76746 4.62135 3.75974 3.88296 4.6501 4.44921 3.69857 
4.75447 4.64911 3.7815 3.86196 4.63176 4.47049 3.69995 
4.74178 4.67705 3.80356 3.84126 4.6137 4.49203 3.70176 
4.72939 4.70516 3.82591 3.82087 4.59591 4.51381 3.704 
4.71731 4.73345 3.84855 3.80079 4.57841 4.53585 3.70668 
4.70554 4.7619 3.87147 3.78102 4.56119 4.55813 3.70978 
4.69409 4.79052 3.89466 3.76158 4.54425 4.58066 3.71331 
4.68294 4.8193 3.91813 3.74247 4.52761 4.60341 3.71727 
4.67212 4.84824 3.94186 3.72369 4.51126 4.62641 3.72165 
4.66161 4.87733 3.96585 3.70524 4.49521 4.64963 3.72646 
4.65142 4.90658 3.9901 3.68713 4.47945 4.67308 3.73169 
4.64155 4.93598 4.0146 3.66938 4.464 4.69676 3.73734 
4.632 4.96553 4.03935 3.65197 4.44885 4.72065 3.74341 
4.62279 4.99522 4.06434 3.63492 4.43402 4.74476 3.7499 
4.6139 5.02506 4.08957 3.61823 4.41949 4.76909 3.7568 
4.60534 5.05504 4.11503 3.60191 4.40528 4.79363 3.76411 
4.59712 5.08515 4.14073 3.58596 4.39139 4.81837 3.77184 
4.58922 5.1154 4.16665 3.57039 4.37782 4.84331 3.77997 
4.58167 5.14579 4.19279 3.5552 4.36458 4.86846 3.78851 
4.57445 5.1763 4.21915 3.5404 4.35166 4.89381 3.79745 
4.56757 5.20694 4.24572 3.52599 4.33908 4.91935 3.80678 
4.56103 5.23771 4.2725 3.51197 4.32682 4.94508 3.81652 
4.55483 5.2686 4.29949 3.49836 4.3149 4.971 3.82665 
4.54898 5.29962 4.32667 3.48515 4.30332 4.99711 3.83717 
4.54347 5.33075 4.35406 3.47235 4.29209 5.02339 3.84807 
4.5383 5.362 4.38164 3.45997 4.28119 5.04986 3.85936 
4.53349 5.39337 4.40941 3.44801 4.27065 5.07651 3.87103 
4.52902 5.42485 4.43737 3.43647 4.26045 5.10333 3.88308 
4.53349 5.39337 4.40941 3.44801 4.27065 5.07651 3.87103 
4.5383 5.362 4.38164 3.45997 4.28119 5.04986 3.85936 
4.54347 5.33075 4.35406 3.47235 4.29209 5.02339 3.84807 
4.54898 5.29962 4.32667 3.48515 4.30332 4.99711 3.83717 
4.55483 5.2686 4.29949 3.49836 4.3149 4.971 3.82665 
4.56103 5.23771 4.2725 3.51197 4.32682 4.94508 3.81652 
4.56757 5.20694 4.24572 3.52599 4.33908 4.91935 3.80678 
4.57445 5.1763 4.21915 3.5404 4.35166 4.89381 3.79745 
4.58167 5.14579 4.19279 3.5552 4.36458 4.86846 3.78851 
4.58922 5.1154 4.16665 3.57039 4.37782 4.84331 3.77997 
4.59712 5.08515 4.14073 3.58596 4.39139 4.81837 3.77184 
4.60534 5.05504 4.11503 3.60191 4.40528 4.79363 3.76411 
4.6139 5.02506 4.08957 3.61823 4.41949 4.76909 3.7568 
4.62279 4.99522 4.06434 3.63492 4.43402 4.74476 3.7499 
4.632 4.96553 4.03935 3.65197 4.44885 4.72065 3.74341 
4.64155 4.93598 4.0146 3.66938 4.464 4.69676 3.73734 
4.65142 4.90658 3.9901 3.68713 4.47945 4.67308 3.73169 
4.66161 4.87733 3.96585 3.70524 4.49521 4.64963 3.72646 
4.67212 4.84824 3.94186 3.72369 4.51126 4.62641 3.72165 
4.68294 4.8193 3.91813 3.74247 4.52761 4.60341 3.71727 
4.69409 4.79052 3.89466 3.76158 4.54425 4.58066 3.71331 
4.70554 4.7619 3.87147 3.78102 4.56119 4.55813 3.70978 
4.71731 4.73345 3.84855 3.80079 4.57841 4.53585 3.70668 
4.72939 4.70516 3.82591 3.82087 4.59591 4.51381 3.704 
4.74178 4.67705 3.80356 3.84126 4.6137 4.49203 3.70176 
4.75447 4.64911 3.7815 3.86196 4.63176 4.47049 3.69995 
4.76746 4.62135 3.75974 3.88296 4.6501 4.44921 3.69857 
4.78075 4.59377 3.73828 3.90425 4.6687 4.42818 3.69762 
4.79433 4.56637 3.71712 3.92584 4.68758 4.40742 3.69711 
4.80822 4.53916 3.69628 3.94772 4.70672 4.38693 3.69702 
4.82239 4.51214 3.67575 3.96987 4.72611 4.36671 3.69737 
4.83685 4.48531 3.65554 3.99231 4.74577 4.34676 3.69816 
4.8516 4.45868 3.63567 4.01502 4.76568 4.32709 3.69937 
4.86663 4.43225 3.61612 4.038 4.78585 4.3077 3.70102 
4.88195 4.40603 3.59692 4.06124 4.80626 4.28859 3.7031 
4.89754 4.38001 3.57806 4.08474 4.82692 4.26978 3.70561 
4.91341 4.35421 3.55955 4.10849 4.84781 4.25125 3.70855 
4.92956 4.32862 3.54139 4.1325 4.86895 4.23303 3.71191 
4.94597 4.30326 3.5236 4.15675 4.89033 4.21511 3.71571 
4.96265 4.27811 3.50617 4.18125 4.91193 4.19749 3.71993 
4.9796 4.2532 3.48911 4.20598 4.93377 4.18017 3.72458 
4.99681 4.22851 3.47243 4.23095 4.95583 4.16318 3.72965 
5.01428 4.20406 3.45613 4.25614 4.97812 4.14649 3.73514 
5.03201 4.17985 3.44022 4.28156 5.00062 4.13013 3.74105 
5.04999 4.15589 3.4247 4.30721 5.02335 4.11409 3.74738 
5.06823 4.13217 3.40958 4.33307 5.04629 4.09838 3.75412 
5.08671 4.10871 3.39487 4.35914 5.06944 4.083 3.76128 
5.10544 4.0855 3.38056 4.38542 5.0928 4.06796 3.76885 
5.12441 4.06255 3.36667 4.41191 5.11637 4.05325 3.77682 
5.14363 4.03987 3.3532 4.43861 5.14013 4.03889 3.78521 
5.16308 4.01746 3.34015 4.4655 5.1641 4.02487 3.79399 
5.18277 3.99532 3.32754 4.49258 5.18827 4.0112 3.80318 
5.20269 3.97347 3.31535 4.51986 5.21263 3.99789 3.81276 
5.22284 3.95189 3.30361 4.54733 5.23719 3.98493 3.82274 
5.24322 3.93061 3.29231 4.57498 5.26193 3.97234 3.83311 
5.26383 3.90962 3.28146 4.60281 5.28686 3.96011 3.84387 
5.26383 3.90962 3.28146 4.60281 5.28686 3.96011 3.84387 
5.26383 3.90962 3.28146 4.60281 5.28686 3.96011 3.84387 
5.26383 3.90962 3.28146 4.60281 5.28686 3.96011 3.84387 
5.26383 3.90962 3.28146 4.60281 5.28686 3.96011 3.84387 
5.26383 3.90962 3.28146 4.60281 5.28686 3.96011 3.84387 
5.26383 3.90962 3.28146 4.60281 5.28686 3.96011 3.84387 
5.26383 3.90962 3.28146 4.60281 5.28686 3.96011 3.84387 
5.26383 3.90962 3.28146 4.60281 5.28686 3.96011 3.84387 
5.26383 3.90962 3.28146 4.60281 5.28686 3.96011 3.84387 
5.26383 3.90962 3.28146 4.60281 5.28686 3.96011 3.84387 
5.26383 3.90962 3.28146 4.60281 5.28686 3.96011 3.84387 
5.26383 3.90962 3.28146 4.60281 5.28686 3.96011 3.84387 
5.26383 3.90962 3.28146 4.60281 5.28686 3.96011 3.84387 
5.26383 3.90962 3.28146 4.60281 5.28686 3.96011 3.84387 
5.26383 3.90962 3.28146 4.60281 5.28686 3.96011 3.84387 
5.26383 3.90962 3.28146 4.60281 5.28686 3.96011 3.84387 
5.26383 3.90962 3.28146 4.60281 5.28686 3.96011 3.84387 
5.26383 3.90962 3.28146 4.60281 5.28686 3.96011 3.84387 
5.26383 3.90962 3.28146 4.60281 5.28686 3.96011 3.84387 
5.26383 3.90962 3.28146 4.60281 5.28686 3.96011 3.84387 
5.26383 3.90962 3.28146 4.60281 5.28686 3.96011 3.84387 
5.26383 3.90962 3.28146 4.60281 5.28686 3.96011 3.84387 
5.26383 3.90962 3.28146 4.60281 5.28686 3.96011 3.84387 
5.26383 3.90962 3.28146 4.60281 5.28686 3.96011 3.84387 
5.26383 3.90962 3.28146 4.60281 5.28686 3.96011 3.84387 
5.26383 3.90962 3.28146 4.60281 5.28686 3.96011 3.84387 
5.26383 3.90962 3.28146 4.60281 5.28686 3.96011 3.84387 
5.26383 3.90962 3.28146 4.60281 5.28686 3.96011 3.84387 
5.26383 3.90962 3.28146 4.60281 5.28686 3.96011 3.84387 
5.26383 3.90962 3.28146 4.60281 5.28686 3.96011 
5.28466 3.88893 3.27107 4.63082 5.31198 3.94824 
5.3057 3.86854 3.26113 4.65901 5.33728 3.93675 
5.32697 3.84846 3.25165 4.68736 5.36275 3.92563 
5.34845 3.82869 3.24264 4.71589 5.3884 3.91489 
5.37014 3.80924 3.23409 4.74458 5.41423 3.90453 
5.39204 3.79011 3.22603 4.77344 5.44023 3.89455 
5.41415 3.77131 3.21843 4.80245 5.46639 3.88495 
5.43646 3.75284 3.21132 4.83162 5.49273 3.87575 
5.45897 3.7347 3.20469 4.86095 5.51923 3.86694 
5.48168 3.71691 3.19855 4.89042 5.54588 3.85852 
5.50459 3.69947 3.1929 4.92005 5.5727 3.8505 
5.5277 3.68238 3.18774 4.94982 5.59968 3.84288 
5.551 3.66564 3.18307 4.97973 5.62681 3.83566 
5.57448 3.64927 3.17891 5.00979 5.6541 3.82885 
5.59816 3.63326 3.17523 5.03998 5.68153 3.82244 
5.62201 3.61763 3.17206 5.07031 5.70911 3.81644 
5.64606 3.60237 3.1694 5.10078 5.73684 3.81085 
5.67028 3.58749 3.16723 5.13137 5.76472 3.80568 
5.69468 3.573 3.16557 5.16209 5.79273 3.80091 
5.67028 3.58749 3.16723 5.13137 5.76472 3.80568 
5.64606 3.60237 3.1694 5.10078 5.73684 3.81085 
5.62201 3.61763 3.17206 5.07031 5.70911 3.81644 
5.59816 3.63326 3.17523 5.03998 5.68153 3.82244 
5.57448 3.64927 3.17891 5.00979 5.6541 3.82885 
5.551 3.66564 3.18307 4.97973 5.62681 3.83566 
5.5277 3.68238 3.18774 4.94982 5.59968 3.84288 
5.50459 3.69947 3.1929 4.92005 5.5727 3.8505 
5.48168 3.71691 3.19855 4.89042 5.54588 3.85852 
5.45897 3.7347 3.20469 4.86095 5.51923 3.86694 
5.43646 3.75284 3.21132 4.83162 5.49273 3.87575 
5.41415 3.77131 3.21843 4.80245 5.46639 3.88495 
5.39204 3.79011 3.22603 4.77344 5.44023 3.89455 
5.37014 3.80924 3.23409 4.74458 5.41423 3.90453 
5.34845 3.82869 3.24264 4.71589 5.3884 3.91489 
5.32697 3.84846 3.25165 4.68736 5.36275 3.92563 
5.3057 3.86854 3.26113 4.65901 5.33728 3.93675 
5.28466 3.88893 3.27107 4.63082 5.31198 3.94824 
5.26383 3.90962 3.28146 4.60281 5.28686 3.96011 
5.24322 3.93061 3.29231 4.57498 5.26193 3.97234 
5.22284 3.95189 3.30361 4.54733 5.23719 3.98493 
5.20269 3.97347 3.31535 4.51986 5.21263 3.99789 
5.18277 3.99532 3.32754 4.49258 5.18827 4.0112 
5.16308 4.01746 3.34015 4.4655 5.1641 4.02487 
5.14363 4.03987 3.3532 4.43861 5.14013 4.03889 
5.12441 4.06255 3.36667 4.41191 5.11637 4.05325 
5.10544 4.0855 3.38056 4.38542 5.0928 4.06796 
5.08671 4.10871 3.39487 4.35914 5.06944 4.083 
5.06823 4.13217 3.40958 4.33307 5.04629 4.09838 
5.04999 4.15589 3.4247 4.30721 5.02335 4.11409 
5.03201 4.17985 3.44022 4.28156 5.00062 4.13013 
5.01428 4.20406 3.45613 4.25614 4.97812 4.14649 
4.99681 4.22851 3.47243 4.23095 4.95583 4.16318 
4.9796 4.2532 3.48911 4.20598 4.93377 4.18017 
4.96265 4.27811 3.50617 4.18125 4.91193 4.19749 
4.94597 4.30326 3.5236 4.15675 4.89033 4.21511 
4.92956 4.32862 3.54139 4.1325 4.86895 4.23303 
4.91341 4.35421 3.55955 4.10849 4.84781 4.25125 
4.89754 4.38001 3.57806 4.08474 4.82692 4.26978 
4.88195 4.40603 3.59692 4.06124 4.80626 4.28859 
4.86663 4.43225 3.61612 4.038 4.78585 4.3077 
4.8516 4.45868 3.63567 4.01502 4.76568 4.32709 
4.83685 4.48531 3.65554 3.99231 4.74577 4.34676 
4.82239 4.51214 3.67575 3.96987 4.72611 4.36671 
4.80822 4.53916 3.69628 3.94772 4.70672 4.38693 
4.79433 4.56637 3.71712 3.92584 4.68758 4.40742 
4.78075 4.59377 3.73828 3.90425 4.6687 4.42818 
4.76746 4.62135 3.75974 3.88296 4.6501 4.44921 
4.75447 4.64911 3.7815 3.86196 4.63176 4.47049 
4.74178 4.67705 3.80356 3.84126 4.6137 4.49203 
4.72939 4.70516 3.82591 3.82087 4.59591 4.51381 
4.71731 4.73345 3.84855 3.80079 4.57841 4.53585 
4.70554 4.7619 3.87147 3.78102 4.56119 4.55813 
4.69409 4.79052 3.89466 3.76158 4.54425 4.58066 
4.68294 4.8193 3.91813 3.74247 4.52761 4.60341 
4.67212 4.84824 3.94186 3.72369 4.51126 4.62641 
4.66161 4.87733 3.96585 3.70524 4.49521 4.64963 
4.65142 4.90658 3.9901 3.68713 4.47945 4.67308 
4.64155 4.93598 4.0146 3.66938 4.464 4.69676 
4.632 4.96553 4.03935 3.65197 4.44885 4.72065 
4.62279 4.99522 4.06434 3.63492 4.43402 4.74476 
4.6139 5.02506 4.08957 3.61823 4.41949 4.76909 
4.60534 5.05504 4.11503 3.60191 4.40528 4.79363 
4.59712 5.08515 4.14073 3.58596 4.39139 4.81837 
4.58922 5.1154 4.16665 3.57039 4.37782 4.84331 
4.58167 5.14579 4.19279 3.5552 4.36458 4.86846 
4.57445 5.1763 4.21915 3.5404 4.35166 4.89381 
4.56757 5.20694 4.24572 3.52599 4.33908 4.91935 
4.56103 5.23771 4.2725 3.51197 4.32682 4.94508 
4.55483 5.2686 4.29949 3.49836 4.3149 4.971 
4.54898 5.29962 4.32667 3.48515 4.30332 4.99711 
4.54347 5.33075 4.35406 3.47235 4.29209 5.02339 
4.5383 5.362 4.38164 3.45997 4.28119 5.04986 
4.53349 5.39337 4.40941 3.44801 4.27065 5.07651 
4.52902 5.42485 4.43737 3.43647 4.26045 5.10333 
4.53349 5.39337 4.40941 3.44801 4.27065 5.07651 
4.5383 5.362 4.38164 3.45997 4.28119 5.04986 
4.54347 5.33075 4.35406 3.47235 4.29209 5.02339 
4.54898 5.29962 4.32667 3.48515 4.30332 4.99711 
4.55483 5.2686 4.29949 3.49836 4.3149 4.971 
4.56103 5.23771 4.2725 3.51197 4.32682 4.94508 
4.56757 5.20694 4.24572 3.52599 4.33908 4.91935 
4.57445 5.1763 4.21915 3.5404 4.35166 4.89381 
4.58167 5.14579 4.19279 3.5552 4.36458 4.86846 
4.58922 5.1154 4.16665 3.57039 4.37782 4.84331 
4.59712 5.08515 4.14073 3.58596 4.39139 4.81837 
4.60534 5.05504 4.11503 3.60191 4.40528 4.79363 
4.6139 5.02506 4.08957 3.61823 4.41949 4.76909 
4.62279 4.99522 4.06434 3.63492 4.43402 4.74476 
4.632 4.96553 4.03935 3.65197 4.44885 4.72065 
4.64155 4.93598 4.0146 3.66938 4.464 4.69676 
4.65142 4.90658 3.9901 3.68713 4.47945 4.67308 
4.66161 4.87733 3.96585 3.70524 4.49521 4.64963 
4.67212 4.84824 3.94186 3.72369 4.51126 4.62641 
4.68294 4.8193 3.91813 3.74247 4.52761 4.60341 
4.69409 4.79052 3.89466 3.76158 4.54425 4.58066 
4.70554 4.7619 3.87147 3.78102 4.56119 4.55813 
4.71731 4.73345 3.84855 3.80079 4.57841 4.53585 
4.72939 4.70516 3.82591 3.82087 4.59591 4.51381 
4.74178 4.67705 3.80356 3.84126 4.6137 4.49203 
4.75447 4.64911 3.7815 3.86196 4.63176 4.47049 
4.76746 4.62135 3.75974 3.88296 4.6501 4.44921 
4.78075 4.59377 3.73828 3.90425 4.6687 4.42818 
4.79433 4.56637 3.71712 3.92584 4.68758 4.40742 
4.80822 4.53916 3.69628 3.94772 4.70672 4.38693 
4.82239 4.51214 3.67575 3.96987 4.72611 4.36671 
4.83685 4.48531 3.65554 3.99231 4.74577 4.34676 
4.8516 4.45868 3.63567 4.01502 4.76568 4.32709 
4.86663 4.43225 3.61612 4.038 4.78585 4.3077 
4.88195 4.40603 3.59692 4.06124 4.80626 4.28859 
4.89754 4.38001 3.57806 4.08474 4.82692 4.26978 
4.91341 4.35421 3.55955 4.10849 4.84781 4.25125 
4.92956 4.32862 3.54139 4.1325 4.86895 4.23303 
4.94597 4.30326 3.5236 4.15675 4.89033 4.21511 
4.96265 4.27811 3.50617 4.18125 4.91193 4.19749 
4.9796 4.2532 3.48911 4.20598 4.93377 4.18017 
4.99681 4.22851 3.47243 4.23095 4.95583 4.16318 
5.01428 4.20406 3.45613 4.25614 4.97812 4.14649 
5.03201 4.17985 3.44022 4.28156 5.00062 4.13013 
5.04999 4.15589 3.4247 4.30721 5.02335 4.11409 
5.06823 4.13217 3.40958 4.33307 5.04629 4.09838 
5.08671 4.10871 3.39487 4.35914 5.06944 4.083 
5.10544 4.0855 3.38056 4.38542 5.0928 4.06796 
5.12441 4.06255 3.36667 4.41191 5.11637 4.05325 
5.14363 4.03987 3.3532 4.43861 5.14013 4.03889 
5.16308 4.01746 3.34015 4.4655 5.1641 4.02487 
5.18277 3.99532 3.32754 4.49258 5.18827 4.0112 
5.20269 3.97347 3.31535 4.51986 5.21263 3.99789 
5.22284 3.95189 3.30361 4.54733 5.23719 3.98493 
5.24322 3.93061 3.29231 4.57498 5.26193 3.97234 
5.26383 3.90962 3.28146 4.60281 5.28686 3.96011 
5.26383 3.90962 3.28146 4.60281 5.28686 3.96011 
5.26383 3.90962 3.28146 4.60281 5.28686 3.96011 
5.26383 3.90962 3.28146 4.60281 5.28686 3.96011 
5.26383 3.90962 3.28146 4.60281 5.28686 3.96011 
5.26383 3.90962 3.28146 4.60281 5.28686 3.96011 
5.26383 3.90962 3.28146 4.60281 5.28686 3.96011 
5.26383 3.90962 3.28146 4.60281 5.28686 3.96011 
5.26383 3.90962 3.28146 4.60281 5.28686 3.96011 
5.26383 3.90962 3.28146 4.60281 5.28686 3.96011 
5.26383 3.90962 3.28146 4.60281 5.28686 3.96011 
5.26383 3.90962 3.28146 4.60281 5.28686 3.96011 
5.26383 3.90962 3.28146 4.60281 5.28686 3.96011 
5.26383 3.90962 3.28146 4.60281 5.28686 3.96011 
5.26383 3.90962 3.28146 4.60281 5.28686 3.96011 
5.26383 3.90962 3.28146 4.60281 5.28686 3.96011 
5.26383 3.90962 3.28146 4.60281 5.28686 3.96011 
5.26383 3.90962 3.28146 4.60281 5.28686 3.96011 
5.26383 3.90962 3.28146 4.60281 5.28686 3.96011 
5.26383 3.90962 3.28146 4.60281 5.28686 3.96011 
5.26383 3.90962 3.28146 4.60281 5.28686 3.96011 
5.26383 3.90962 3.28146 4.60281 5.28686 3.96011 
5.26383 3.90962 3.28146 4.60281 5.28686 3.96011 
5.26383 3.90962 3.28146 4.60281 5.28686 3.96011 
5.26383 3.90962 3.28146 4.60281 5.28686 3.96011 
5.26383 3.90962 3.28146 4.60281 5.28686 3.96011 
5.26383 3.90962 3.28146 4.60281 5.28686 3.96011 
5.26383 3.90962 3.28146 4.60281 5.28686 3.96011 
5.26383 3.90962 3.28146 4.60281 5.28686 3.96011 
5.26383 3.90962 3.28146 4.60281 5.28686 3.96011 
5.26383 3.90962 3.28146 4.60281 5.28686 3.96011 
