411.35 0 368.795 378.79 0 0 376.273 0 385.311 394.702 
418.092 0 428.072 437.994 0 0 384.531 0 385.487 394.702 
358.874 0 368.854 378.819 0 0 365.336 0 328.227 337.559 
0.01472 0 146.479 146.258 0 0 143.27 0 143.034 142.858 
0.01472 0 146.464 146.273 0 0 143.255 0 143.049 142.902 
0.01472 0 147.053 146.964 0 0 144.094 0 143.284 142.622 
0.01472 0 147.009 146.891 0 0 144.006 0 143.358 142.652 
0.01472 0 146.891 145.183 0 0 141.901 0 141.606 141.459 
0.01472 0 146.714 145.08 0 0 141.768 0 141.562 141.459 
0.01472 0 146.714 145.08 0 0 141.768 0 141.562 141.459 
0.01472 0 146.714 145.08 0 0 141.768 0 141.562 141.459 
713.243 0 700.378 0 0 0 0 0 720.338 733.895 
713.243 0 700.378 0 0 0 0 0 720.338 733.895 
713.243 0 700.378 0 0 0 0 0 720.338 733.895 
0.01472 0 144.462 144.418 0 0 0 0 143.917 143.844 
0.01472 0 144.374 144.3 0 0 0 0 143.903 143.859 
531.333 0 522.074 536.573 0 0 0 0 550.131 506.589 
0.01472 0 144.403 144.388 0 0 0 0 143.903 143.844 
0.01472 0 144.3 144.227 0 0 0 0 143.917 143.844 
446.31 0 389.638 392.479 0 0 0 0 405.654 419.594 
223.096 0 234.961 246.943 0 0 0 0 213.499 201.237 
775.185 0 797.824 0 0 0 0 0 730.406 733.895 
223.185 0 234.033 245.103 0 0 0 0 187.444 201.164 
371.209 0 377.745 371.268 0 0 0 0 333.791 348.069 
0.01472 0 144.227 144.212 0 0 0 0 143.903 143.829 
0.01472 0 144.359 144.33 0 0 0 0 143.962 143.903 
0.01472 0 144.55 144.492 0 0 0 0 144.006 143.917 
0.01472 0 144.55 144.492 0 0 0 0 144.006 143.917 
0.01472 0 144.462 144.418 0 0 0 0 143.917 143.844 
0.01472 0 144.462 144.418 0 0 0 0 143.917 143.844 
522.148 0 554.547 538.016 0 0 0 0 522.751 551.411 
581.514 0 533.953 537.427 0 0 0 0 522.648 551.19 
0.01472 0 144.403 144.315 0 0 0 0 144.02 143.932 
596.248 0 566.381 609.938 0 0 0 0 594.894 570.547 
596.248 0 566.381 609.938 0 0 0 0 594.894 570.547 
0.01472 0 144.668 144.624 0 0 0 0 144.138 143.932 
580.498 0 521.839 536.529 0 0 0 0 550.263 550.719 
506.088 0 504.425 463.798 0 0 0 0 477.929 507.178 
580.498 0 521.839 536.529 0 0 0 0 550.263 550.719 
0.01472 0 144.668 144.624 0 0 0 0 144.138 143.932 
596.248 0 566.381 609.938 0 0 0 0 594.894 570.547 
596.248 0 566.381 609.938 0 0 0 0 594.894 570.547 
0.01472 0 144.403 144.315 0 0 0 0 144.02 143.932 
581.514 0 533.953 537.427 0 0 0 0 522.648 551.19 
522.148 0 554.547 538.016 0 0 0 0 522.751 551.411 
0.01472 0 144.462 144.418 0 0 0 0 143.917 143.844 
0.01472 0 144.462 144.418 0 0 0 0 143.917 143.844 
0.01472 0 144.55 144.492 0 0 0 0 144.006 143.917 
0.01472 0 144.55 144.492 0 0 0 0 144.006 143.917 
0.01472 0 144.359 144.33 0 0 0 0 143.962 143.903 
0.01472 0 144.227 144.212 0 0 0 0 143.903 143.829 
371.209 0 377.745 371.268 0 0 0 0 333.791 348.069 
223.185 0 234.033 245.103 0 0 0 0 187.444 201.164 
775.185 0 797.824 0 0 0 0 0 730.406 733.895 
223.096 0 234.961 246.943 0 0 0 0 213.499 201.237 
446.31 0 389.638 392.479 0 0 0 0 405.654 419.594 
0.01472 0 144.3 144.227 0 0 0 0 143.917 143.844 
0.01472 0 144.403 144.388 0 0 0 0 143.903 143.844 
531.333 0 522.074 536.573 0 0 0 0 550.131 506.589 
0.01472 0 144.374 144.3 0 0 0 0 143.903 143.859 
0.01472 0 144.462 144.418 0 0 0 0 143.917 143.844 
713.243 0 700.378 0 0 0 0 0 720.338 733.895 
713.243 0 700.378 0 0 0 0 0 720.338 733.895 
713.243 0 700.378 0 0 0 0 0 720.338 733.895 
0.01472 0 146.714 145.08 0 0 141.768 0 141.562 141.459 
0.01472 0 146.714 145.08 0 0 141.768 0 141.562 141.459 
0.01472 0 146.714 145.08 0 0 141.768 0 141.562 141.459 
0.01472 0 146.891 145.183 0 0 141.901 0 141.606 141.459 
0.01472 0 147.009 146.891 0 0 144.006 0 143.358 142.652 
0.01472 0 147.053 146.964 0 0 144.094 0 143.284 142.622 
0.01472 0 146.464 146.273 0 0 143.255 0 143.049 142.902 
0.01472 0 146.479 146.258 0 0 143.27 0 143.034 142.858 
358.874 0 368.854 378.819 0 0 365.336 0 328.227 337.559 
418.092 0 428.072 437.994 0 0 384.531 0 385.487 394.702 
411.35 0 368.795 378.79 0 0 376.273 0 385.311 394.702 
358.977 0 368.913 378.878 0 0 376.332 0 341.533 337.662 
389.108 0 369.06 379.025 0 0 376.567 0 385.664 394.923 
358.756 0 368.589 378.657 0 0 376.052 0 382.794 337.368 
358.55 0 368.515 353.707 0 0 318.762 0 327.873 337.206 
358.903 0 330.199 319.571 0 0 319.027 0 328.212 337.53 
299.684 0 309.65 319.645 0 0 319.071 0 328.285 290.735 
0.01472 0 146.714 146.39 0 0 143.27 0 143.034 142.872 
0.01472 0 147.068 146.92 0 0 143.8 0 143.255 142.401 
132.877 0 171.414 140.105 0 0 147.509 0 156.665 151.513 
0 0 0 0.23552 0 0 0 0 71.7894 0 
0.01472 0 0 0.1472 0 0 0 0 0 0 
0.01472 0 74.7776 73.2173 0 0 0 0 71.9808 71.9661 
0.01472 0 146.567 146.287 0 0 143.785 0 143.284 142.46 
153.471 0 153.014 151.219 0 0 147.583 0 147.332 0 
0.01472 0 74.3802 74.3654 0 0 72.8346 0 72.7757 0 
0.08832 0 29.2045 35.2102 0 0 41.7165 0 49.783 59.5718 
0 0 0 0.01472 0 0 73.8355 0 73.7766 0 
0 0 0 0.01472 0 0 73.8355 0 73.7766 0 
0 0 0 0.01472 0 0 73.8061 0 73.7178 0 
0 0 468.861 449.667 0 0 463.592 0 477.929 492.266 
0 0 390.301 368.736 378.554 0 385.723 0 376.125 394.643 
0 0 388.579 368.883 378.716 0 385.841 0 376.346 394.79 
175.109 0 160.86 168.044 170.723 0 176.714 0 182.925 187.93 
175.183 0 160.86 168.044 170.723 0 176.714 0 182.925 187.724 
164.364 0 161.022 168.088 170.752 0 176.831 0 183.338 187.695 
235.711 0 210.202 217.194 217.665 0 223.98 0 230.618 235.697 
213.572 0 210.187 217.267 217.93 0 224.112 0 230.442 235.741 
0.01472 0 146.92 146.685 143.638 0 142.902 0 142.342 141.548 
0.01472 0 146.964 146.714 143.697 0 142.975 0 142.445 141.621 
0.01472 0 74.2035 74.0858 0 0 72.5107 0 72.128 71.4362 
0.01472 0 74.2182 74.0858 0 0 72.5549 0 72.0544 71.4656 
0.01472 0 74.2182 74.071 0 0 72.5549 0 72.1133 71.4509 
0.01472 0 74.2182 74.071 0 0 72.5549 0 72.1133 71.4509 
675.839 0 0 651.625 0 0 608.024 0 622.259 636.596 
675.839 0 0 651.625 0 0 608.024 0 622.259 636.596 
684.318 0 0 651.61 0 0 680.255 0 625.453 636.581 
609.894 0 0 590.051 0 0 608.054 0 622.288 636.64 
609.894 0 0 590.051 0 0 608.054 0 622.288 636.64 
609.894 0 0 590.051 0 0 608.054 0 622.288 636.64 
609.894 0 0 590.051 0 0 608.054 0 622.288 636.64 
609.894 0 0 590.051 0 0 608.054 0 622.288 636.64 
609.894 0 0 590.051 0 0 608.054 0 622.288 636.64 
609.894 0 0 590.051 0 0 608.054 0 622.288 636.64 
609.894 0 0 590.051 0 0 608.054 0 622.288 636.64 
609.894 0 0 590.051 0 0 608.054 0 622.288 636.64 
609.894 0 0 590.051 0 0 608.054 0 622.288 636.64 
609.894 0 0 590.051 0 0 608.054 0 622.288 636.64 
609.894 0 0 590.051 0 0 608.054 0 622.288 636.64 
609.894 0 0 590.051 0 0 608.054 0 622.288 636.64 
609.894 0 0 590.051 0 0 608.054 0 622.288 636.64 
609.894 0 0 590.051 0 0 608.054 0 622.288 636.64 
609.894 0 0 590.051 0 0 608.054 0 622.288 636.64 
609.894 0 0 590.051 0 0 608.054 0 622.288 636.64 
609.894 0 0 590.051 0 0 608.054 0 622.288 636.64 
609.894 0 0 590.051 0 0 608.054 0 622.288 636.64 
609.894 0 0 590.051 0 0 608.054 0 622.288 636.64 
609.894 0 0 590.051 0 0 608.054 0 622.288 636.64 
609.894 0 0 590.051 0 0 608.054 0 622.288 636.64 
609.894 0 0 590.051 0 0 608.054 0 622.288 636.64 
609.894 0 0 590.051 0 0 608.054 0 622.288 636.64 
609.894 0 0 590.051 0 0 608.054 0 622.288 636.64 
609.894 0 0 590.051 0 0 608.054 0 622.288 636.64 
609.894 0 0 590.051 0 0 608.054 0 622.288 636.64 
609.894 0 0 590.051 0 0 608.054 0 622.288 636.64 
609.894 0 0 590.051 0 0 608.054 0 622.288 636.64 
609.894 0 0 590.051 0 0 608.054 0 622.288 636.64 
609.894 0 0 590.051 0 0 608.054 0 622.288 636.64 
609.894 0 0 590.051 0 0 608.054 0 622.288 636.64 
609.894 0 0 590.051 0 0 608.054 0 622.288 636.64 
609.894 0 0 590.051 0 0 608.054 0 622.288 636.64 
609.894 0 0 590.051 0 0 608.054 0 622.288 636.64 
609.894 0 0 590.051 0 0 608.054 0 622.288 636.64 
609.894 0 0 590.051 0 0 608.054 0 622.288 636.64 
609.894 0 0 590.051 0 0 608.054 0 622.288 636.64 
609.894 0 0 590.051 0 0 608.054 0 622.288 636.64 
609.894 0 0 590.051 0 0 608.054 0 622.288 636.64 
609.894 0 0 590.051 0 0 608.054 0 622.288 636.64 
609.894 0 0 590.051 0 0 608.054 0 622.288 636.64 
609.894 0 0 590.051 0 0 608.054 0 622.288 636.64 
609.894 0 0 590.051 0 0 608.054 0 622.288 636.64 
609.894 0 0 590.051 0 0 608.054 0 622.288 636.64 
609.894 0 0 590.051 0 0 608.054 0 622.288 636.64 
609.894 0 0 590.051 0 0 608.054 0 622.288 636.64 
609.894 0 0 590.051 0 0 608.054 0 622.288 636.64 
609.894 0 0 590.051 0 0 608.054 0 622.288 636.64 
609.894 0 0 590.051 0 0 608.054 0 622.288 636.64 
609.894 0 0 590.051 0 0 608.054 0 622.288 636.64 
609.894 0 0 590.051 0 0 608.054 0 622.288 636.64 
609.894 0 0 590.051 0 0 608.054 0 622.288 636.64 
609.894 0 0 590.051 0 0 608.054 0 622.288 636.64 
609.894 0 0 590.051 0 0 608.054 0 622.288 636.64 
609.894 0 0 590.051 0 0 608.054 0 622.288 636.64 
609.894 0 0 590.051 0 0 608.054 0 622.288 636.64 
609.894 0 0 590.051 0 0 608.054 0 622.288 636.64 
609.894 0 0 590.051 0 0 608.054 0 622.288 636.64 
609.894 0 0 590.051 0 0 608.054 0 622.288 636.64 
609.894 0 0 590.051 0 0 608.054 0 622.288 636.64 
609.894 0 0 590.051 0 0 608.054 0 622.288 636.64 
609.894 0 0 590.051 0 0 608.054 0 622.288 636.64 
609.894 0 0 590.051 0 0 608.054 0 622.288 636.64 
609.894 0 0 590.051 0 0 608.054 0 622.288 636.64 
609.894 0 0 590.051 0 0 608.054 0 622.288 636.64 
609.894 0 0 590.051 0 0 608.054 0 622.288 636.64 
609.894 0 0 590.051 0 0 608.054 0 622.288 636.64 
609.894 0 0 590.051 0 0 608.054 0 622.288 636.64 
0.01472 147.141 0 0 0 0 142.372 141.901 0 
3783.88 0 0 0 0 0 0 0 0 
0.01472 147.141 0 0 0 0 142.372 141.901 0 
0.01472 147.141 0 0 0 0 142.372 141.901 0 
0.01472 146.552 0 0 0 0 143.711 143.152 0 
0.01472 146.861 0 0 0 0 143.991 143.358 0 
0.01472 147.185 0 0 0 0 144.55 143.373 0 
189.505 213.985 0 0 0 0 235.402 237.831 0 
0.01472 146.964 0 0 0 0 146.538 0 0 
0.01472 147.053 0 0 0 0 146.714 0 0 
0.01472 73.6147 0 0 0 0 72.9376 0 0 
0.01472 73.6147 0 0 0 0 72.9376 0 0 
0.01472 73.6147 0 0 0 0 72.9376 0 0 
189.226 213.366 0 235.211 0 0 176.508 0 0 
237.036 213.337 0 235.02 0 0 254.627 0 0 
284.155 213.131 0 234.681 0 0 254.435 0 0 
286.746 223.597 0 234.946 0 0 254.847 0 0 
147.347 147.318 0 0 0 0 144.963 0 0 
266.726 213.396 0 235.049 0 0 254.641 0 0 
0.01472 147.185 0 0 0 0 146.979 0 0 
732.982 695.549 0 0 0 0 646.753 0 0 
598.795 597.176 0 0 0 0 646.591 0 0 
598.795 597.176 0 0 0 0 646.591 0 0 
0.01472 146.979 0 0 0 0 146.596 0 0 
0.01472 147.2 0 0 0 0 147.068 0 0 
292.957 260.838 0 0 0 0 207.758 0 0 
292.089 261.884 0 0 0 0 208.347 0 0 
0 0 0 0 0 0 119.939 0 0 
0 0 0 0 0 0 119.939 0 0 
0 0 0 0 0 0 119.939 0 0 
0 0 0 0 0 0 3785.51 0 0 
0 0 0 0 0 0 3785.51 0 0 
0 0 0 0 0 0 3785.17 0 0 
304.115 261.972 0 0 0 0 208.141 0 0 
304.115 261.972 0 0 0 0 208.141 0 0 
304.115 261.972 0 0 0 0 208.141 0 0 
0.01472 147.097 0 0 0 0 146.788 0 0 
0.01472 147.097 0 0 0 0 146.788 0 0 
0.01472 147.126 0 0 0 0 146.935 0 0 
0.01472 147.2 0 0 0 0 147.068 0 0 
0.01472 147.2 0 0 0 0 147.068 0 0 
0.01472 146.994 0 0 0 0 146.567 0 0 
0.01472 146.994 0 0 0 0 146.567 0 0 
0.01472 146.994 0 0 0 0 146.567 0 0 
0.01472 147.068 0 0 0 0 146.758 0 0 
0.01472 147.2 0 0 0 0 147.053 0 0 
889.544 840.291 0 0 0 0 888.956 0 0 
889.544 840.291 0 0 0 0 888.956 0 0 
0.01472 147.2 0 0 0 0 146.979 0 0 
0.01472 147.2 0 0 0 0 146.979 0 0 
0.01472 147.2 0 0 0 0 146.979 0 0 
0.01472 147.2 0 0 0 0 146.979 0 0 
0.01472 147.009 0 0 0 0 146.582 0 0 
0.01472 147.009 0 0 0 0 146.582 0 0 
0.01472 146.906 0 0 0 0 146.493 0 0 
0.01472 146.964 0 0 0 0 146.611 0 0 
0.01472 147.126 0 0 0 0 144.477 143.343 0 
0.01472 146.199 143.917 0 0 0 142.755 142.622 0 
0.01472 146.214 143.049 0 0 0 141.68 141.562 0 
0.01472 145.964 144.506 0 0 0 143.093 142.931 0 
0.01472 146.435 146.361 0 0 0 0 144.786 0 
0.01472 74.0563 73.3056 0 0 0 72.8051 0 0 
0.01472 145.478 144.065 0 0 0 142.931 142.799 0 
0.01472 145.389 145.213 0 0 0 144.918 144.86 0 
0.01472 146.096 144.977 0 0 0 144.138 144.035 0 
238.92 191.11 183.132 0 0 0 202.474 216.958 0 
0.01472 145.331 144.727 0 0 0 144.227 144.109 0 
0.01472 144.506 144.433 0 0 0 144.212 144.153 0 
0.01472 144.418 144.359 0 0 0 144.109 144.079 0 
515.45 465.535 451.109 0 0 0 479.681 494.062 0 
447.959 465.432 450.888 0 0 0 479.563 476.163 0 
535.411 490.824 492.649 0 0 0 477.796 506.53 0 
522.06 537.501 523.105 0 0 0 491.898 493.768 0 
522.06 537.501 523.105 0 0 0 491.898 493.768 0 
522.428 537.707 523.325 0 0 0 541.372 493.885 0 
522.428 537.722 523.325 0 0 0 541.372 493.885 0 
522.089 537.516 523.134 0 0 0 504.572 493.738 0 
522.428 537.722 523.325 0 0 0 541.372 493.885 0 
522.428 537.722 523.325 0 0 0 541.372 493.885 0 
522.428 537.722 523.325 0 0 0 541.372 493.885 0 
522.428 537.722 523.325 0 0 0 541.372 493.885 0 
522.428 537.722 523.325 0 0 0 541.372 493.885 0 
522.428 537.722 523.325 0 0 0 541.372 493.885 0 
522.428 537.722 523.325 0 0 0 541.372 493.885 0 
522.428 537.722 523.325 0 0 0 541.372 493.885 0 
522.428 537.722 523.325 0 0 0 541.372 493.885 0 
522.428 537.722 523.325 0 0 0 541.372 493.885 0 
522.428 537.722 523.325 0 0 0 541.372 493.885 0 
522.428 537.722 523.325 0 0 0 541.372 493.885 0 
522.428 537.722 523.325 0 0 0 541.372 493.885 0 
522.428 537.722 523.325 0 0 0 541.372 493.885 0 
522.428 537.722 523.325 0 0 0 541.372 493.885 0 
522.428 537.722 523.325 0 0 0 541.372 493.885 0 
522.428 537.722 523.325 0 0 0 541.372 493.885 0 
522.428 537.722 523.325 0 0 0 541.372 493.885 0 
522.428 537.722 523.325 0 0 0 541.372 493.885 0 
522.428 537.722 523.325 0 0 0 541.372 493.885 0 
522.428 537.722 523.325 0 0 0 541.372 493.885 0 
522.428 537.722 523.325 0 0 0 541.372 493.885 0 
522.428 537.722 523.325 0 0 0 541.372 493.885 0 
522.428 537.722 523.325 0 0 0 541.372 493.885 0 
522.428 537.722 523.325 0 0 0 541.372 493.885 0 
522.428 537.722 523.325 0 0 0 541.372 493.885 0 
522.428 537.722 523.325 0 0 0 541.372 493.885 0 
522.428 537.722 523.325 0 0 0 541.372 493.885 0 
522.428 537.722 523.325 0 0 0 541.372 493.885 0 
522.428 537.722 523.325 0 0 0 541.372 493.885 0 
522.428 537.722 523.325 0 0 0 541.372 493.885 0 
522.428 537.722 523.325 0 0 0 541.372 493.885 0 
522.428 537.722 523.325 0 0 0 541.372 493.885 0 
522.428 537.722 523.325 0 0 0 541.372 493.885 0 
522.428 537.722 523.325 0 0 0 541.372 493.885 0 
522.428 537.722 523.325 0 0 0 541.372 493.885 0 
522.428 537.722 523.325 0 0 0 541.372 493.885 0 
522.428 537.722 523.325 0 0 0 541.372 493.885 0 
522.428 537.722 523.325 0 0 0 541.372 493.885 0 
522.428 537.722 523.325 0 0 0 541.372 493.885 0 
522.428 537.722 523.325 0 0 0 541.372 493.885 0 
522.428 537.722 523.325 0 0 0 541.372 493.885 0 
522.428 537.722 523.325 0 0 0 541.372 493.885 0 
522.428 537.722 523.325 0 0 0 541.372 493.885 0 
522.428 537.722 523.325 0 0 0 541.372 493.885 0 
522.428 537.722 523.325 0 0 0 541.372 493.885 0 
522.428 537.722 523.325 0 0 0 541.372 493.885 0 
522.428 537.722 523.325 0 0 0 541.372 493.885 0 
522.428 537.722 523.325 0 0 0 541.372 493.885 0 
522.428 537.722 523.325 0 0 0 541.372 493.885 0 
522.428 537.722 523.325 0 0 0 541.372 493.885 0 
522.428 537.722 523.325 0 0 0 541.372 493.885 0 
522.428 537.722 523.325 0 0 0 541.372 493.885 0 
522.428 537.722 523.325 0 0 0 541.372 493.885 0 
522.428 537.722 523.325 0 0 0 541.372 493.885 0 
522.428 537.722 523.325 0 0 0 541.372 493.885 0 
522.428 537.722 523.325 0 0 0 541.372 493.885 0 
522.428 537.722 523.325 0 0 0 541.372 493.885 0 
522.428 537.722 523.325 0 0 0 541.372 493.885 0 
522.428 537.722 523.325 0 0 0 541.372 493.885 0 
522.428 537.722 523.325 0 0 0 541.372 493.885 0 
522.428 537.722 523.325 0 0 0 541.372 493.885 0 
522.428 537.722 523.325 0 0 0 541.372 493.885 0 
522.428 537.722 523.325 0 0 0 541.372 493.885 0 
522.428 537.722 523.325 0 0 0 541.372 493.885 0 
522.428 537.722 523.325 0 0 0 541.372 493.885 0 
522.428 537.722 523.325 0 0 0 541.372 493.885 0 
522.428 537.722 523.325 0 0 0 541.372 493.885 0 
522.428 537.722 523.325 0 0 0 541.372 493.885 0 
522.428 537.722 523.325 0 0 0 541.372 493.885 0 
522.428 537.722 523.325 0 0 0 541.372 493.885 0 
522.428 537.722 523.325 0 0 0 541.372 493.885 0 
522.428 537.722 523.325 0 0 0 541.372 493.885 0 
522.428 537.722 523.325 0 0 0 541.372 493.885 0 
522.428 537.722 523.325 0 0 0 541.372 493.885 0 
522.428 537.722 523.325 0 0 0 541.372 493.885 0 
522.428 537.722 523.325 0 0 0 541.372 493.885 0 
522.428 537.722 523.325 0 0 0 541.372 493.885 0 
522.428 537.722 523.325 0 0 0 541.372 493.885 0 
522.428 537.722 523.325 0 0 0 541.372 493.885 0 
522.428 537.722 523.325 0 0 0 541.372 493.885 0 
522.428 537.722 523.325 0 0 0 541.372 493.885 0 
522.428 537.722 523.325 0 0 0 541.372 493.885 0 
522.428 537.722 523.325 0 0 0 541.372 493.885 0 
522.428 537.722 523.325 0 0 0 541.372 493.885 0 
522.428 537.722 523.325 0 0 0 541.372 493.885 0 
522.428 537.722 523.325 0 0 0 541.372 493.885 0 
522.428 537.722 523.325 0 0 0 541.372 493.885 0 
522.428 537.722 523.325 0 0 0 541.372 493.885 0 
522.428 537.722 523.325 0 0 0 541.372 493.885 0 
522.428 537.722 523.325 0 0 0 541.372 493.885 0 
522.428 537.722 523.325 0 0 0 541.372 493.885 0 
522.428 537.722 523.325 0 0 0 541.372 493.885 0 
522.428 537.722 523.325 0 0 0 541.372 493.885 0 
522.428 537.722 523.325 0 0 0 541.372 493.885 0 
522.428 537.722 523.325 0 0 0 541.372 493.885 0 
522.428 537.722 523.325 0 0 0 541.372 493.885 0 
522.428 537.722 523.325 0 0 0 541.372 493.885 0 
522.428 537.722 523.325 0 0 0 541.372 493.885 0 
522.428 537.722 523.325 0 0 0 541.372 493.885 0 
522.428 537.722 523.325 0 0 0 541.372 493.885 0 
522.428 537.722 523.325 0 0 0 541.372 493.885 0 
522.428 537.722 523.325 0 0 0 541.372 493.885 0 
0.01472 0.89792 36.6528 0.0736 0 0 0 
674.529 698.979 704.543 0 0 0 635.933 
0.01472 0.89792 36.6528 0.0736 0 0 0 
674.441 699.053 723.4 0 0 0 674.279 
674.264 698.876 677.797 0 0 0 635.875 
674.264 698.876 677.797 0 0 0 635.875 
674.662 613.824 626.115 0 0 0 636.198 
577.23 602.092 626.292 0 0 0 550.189 
674.838 605.478 626.13 0 0 0 636.346 
576.892 601.268 625.791 0 0 0 544.198 
480.122 504.543 528.948 0 0 0 518.748 
382.823 406.11 430.295 0 0 0 389.786 
0.01472 147.023 145.478 0 0 0 143.299 
0.01472 145.934 145.875 0 0 0 144.565 
0.01472 146.744 146.641 0 0 0 144.447 
0 0 0 0 0 0 0 
0.01472 147.068 145.787 0 0 0 143.52 
869.128 892.621 941.373 0 0 0 0 
0.01472 73.8944 73.8797 0 0 0 0 
0.01472 73.8944 73.865 0 0 0 0 
149.717 149.688 149.644 0 0 0 0 
550.41 598.765 0 0 0 0 613.677 
695.711 744.184 0 0 0 0 667.258 
737.472 744.435 0 0 0 0 792.863 
841.395 837.612 0 0 0 0 792.51 
841.395 837.612 0 0 0 0 792.51 
841.601 889.912 0 0 0 0 828.486 
841.601 889.912 0 0 0 0 828.486 
841.601 889.912 0 0 0 0 828.486 
841.601 889.912 0 0 0 0 828.486 
889.721 840.586 0 0 0 0 885.835 
889.721 840.586 0 0 0 0 885.835 
0.01472 147.156 0 0 0 0 147.112 
941.079 989.39 0 0 0 0 1027.43 
920.28 844.03 0 0 0 0 892.341 
920.28 844.03 0 0 0 0 892.341 
795.925 844.163 0 0 0 0 749.16 
650.624 698.7 0 0 0 0 712.89 
650.624 698.7 0 0 0 0 712.89 
602.254 555.96 0 0 0 0 599.472 
502.526 551.529 0 0 0 0 497.521 
502.526 551.529 0 0 0 0 497.521 
305.749 261.486 0 0 0 0 208.067 
305.749 261.486 0 0 0 0 208.067 
305.749 261.486 0 0 0 0 208.067 
0 1908.48 0 0 0 0 1880.58 
0 1908.48 0 0 0 0 1880.58 
0 1908.48 0 0 0 0 1880.58 
0 1908.51 0 0 0 0 1880.55 
0 1908.51 0 0 0 0 1880.55 
0 1908.51 0 0 0 0 1880.55 
0.01472 147.171 0 0 0 0 147.126 
0.01472 147.171 0 0 0 0 147.126 
0.01472 147.171 0 0 0 0 146.376 
0.01472 147.171 0 0 0 0 147.112 
0.01472 147.141 0 0 0 0 147.082 
0.01472 147.141 0 0 0 0 147.082 
0.01472 147.171 0 0 0 0 147.112 
0.01472 147.2 0 0 0 0 147.126 
286.054 259.705 0 234.342 0 0 253.905 
286.098 258.307 0 234.563 0 0 253.846 
285.877 234.239 0 234.239 0 0 254.111 
284.788 212.527 0 234.033 0 0 253.949 
245.147 212.572 0 234.652 0 0 253.935 
245.147 212.572 0 234.652 0 0 253.935 
242.483 212.572 0 234.431 0 0 253.876 
237.228 212.572 0 234.548 0 0 253.92 
236.344 212.572 0 234.548 0 0 253.935 
695.358 744.302 0 0 0 0 685.923 
698.891 743.772 0 0 0 0 792.495 
696.02 721.53 0 0 0 0 646.959 
550.646 598.854 0 0 0 0 553.899 
552.78 514.42 0 0 0 0 498.655 
405.492 453.862 0 0 0 0 466.388 
260.353 308.664 0 0 0 0 269.567 
260.353 308.664 0 0 0 0 269.567 
0.01472 146.891 0 0 0 0 0 
260.353 308.664 0 0 0 0 269.567 
260.353 308.664 0 0 0 0 269.567 
405.492 453.862 0 0 0 0 466.388 
552.78 514.42 0 0 0 0 498.655 
550.646 598.854 0 0 0 0 553.899 
696.02 721.53 0 0 0 0 646.959 
698.891 743.772 0 0 0 0 792.495 
695.358 744.302 0 0 0 0 685.923 
236.344 212.572 0 234.548 0 0 253.935 
237.228 212.572 0 234.548 0 0 253.92 
242.483 212.572 0 234.431 0 0 253.876 
245.147 212.572 0 234.652 0 0 253.935 
245.147 212.572 0 234.652 0 0 253.935 
284.788 212.527 0 234.033 0 0 253.949 
285.877 234.239 0 234.239 0 0 254.111 
286.098 258.307 0 234.563 0 0 253.846 
286.054 259.705 0 234.342 0 0 253.905 
0.01472 147.2 0 0 0 0 147.126 
0.01472 147.171 0 0 0 0 147.112 
0.01472 147.141 0 0 0 0 147.082 
0.01472 147.141 0 0 0 0 147.082 
0.01472 147.171 0 0 0 0 147.112 
0.01472 147.171 0 0 0 0 146.376 
0.01472 147.171 0 0 0 0 147.126 
0.01472 147.171 0 0 0 0 147.126 
0 1908.51 0 0 0 0 1880.55 
0 1908.51 0 0 0 0 1880.55 
0 1908.51 0 0 0 0 1880.55 
0 1908.48 0 0 0 0 1880.58 
0 1908.48 0 0 0 0 1880.58 
0 1908.48 0 0 0 0 1880.58 
305.749 261.486 0 0 0 0 208.067 
305.749 261.486 0 0 0 0 208.067 
305.749 261.486 0 0 0 0 208.067 
502.526 551.529 0 0 0 0 497.521 
502.526 551.529 0 0 0 0 497.521 
602.254 555.96 0 0 0 0 599.472 
650.624 698.7 0 0 0 0 712.89 
650.624 698.7 0 0 0 0 712.89 
795.925 844.163 0 0 0 0 749.16 
920.28 844.03 0 0 0 0 892.341 
920.28 844.03 0 0 0 0 892.341 
941.079 989.39 0 0 0 0 1027.43 
0.01472 147.156 0 0 0 0 147.112 
889.721 840.586 0 0 0 0 885.835 
889.721 840.586 0 0 0 0 885.835 
841.601 889.912 0 0 0 0 828.486 
841.601 889.912 0 0 0 0 828.486 
841.601 889.912 0 0 0 0 828.486 
841.601 889.912 0 0 0 0 828.486 
841.395 837.612 0 0 0 0 792.51 
841.395 837.612 0 0 0 0 792.51 
737.472 744.435 0 0 0 0 792.863 
695.711 744.184 0 0 0 0 667.258 
550.41 598.765 0 0 0 0 613.677 
149.717 149.688 149.644 0 0 0 0 
149.717 149.688 149.644 0 0 0 0 
149.717 149.688 149.644 0 0 0 0 
149.717 149.688 149.644 0 0 0 0 
149.717 149.688 149.644 0 0 0 0 
149.717 149.688 149.644 0 0 0 0 
149.717 149.688 149.644 0 0 0 0 
149.717 149.688 149.644 0 0 0 0 
149.717 149.688 149.644 0 0 0 0 
149.717 149.688 149.644 0 0 0 0 
149.717 149.688 149.644 0 0 0 0 
149.717 149.688 149.644 0 0 0 0 
149.717 149.688 149.644 0 0 0 0 
149.717 149.688 149.644 0 0 0 0 
149.717 149.688 149.644 0 0 0 0 
149.717 149.688 149.644 0 0 0 0 
149.717 149.688 149.644 0 0 0 0 
149.717 149.688 149.644 0 0 0 0 
149.717 149.688 149.644 0 0 0 0 
149.717 149.688 149.644 0 0 0 0 
149.717 149.688 149.644 0 0 0 0 
149.717 149.688 149.644 0 0 0 0 
149.717 149.688 149.644 0 0 0 0 
149.717 149.688 149.644 0 0 0 0 
149.717 149.688 149.644 0 0 0 0 
149.717 149.688 149.644 0 0 0 0 
149.717 149.688 149.644 0 0 0 0 
149.717 149.688 149.644 0 0 0 0 
149.717 149.688 149.644 0 0 0 0 
149.717 149.688 149.644 0 0 0 0 
149.717 149.688 149.644 0 0 0 0 
149.717 149.688 149.644 0 0 0 0 
149.717 149.688 149.644 0 0 0 0 
149.717 149.688 149.644 0 0 0 0 
149.717 149.688 149.644 0 0 0 0 
149.717 149.688 149.644 0 0 0 0 
149.717 149.688 149.644 0 0 0 0 
149.717 149.688 149.644 0 0 0 0 
149.717 149.688 149.644 0 0 0 0 
149.717 149.688 149.644 0 0 0 0 
149.717 149.688 149.644 0 0 0 0 
149.717 149.688 149.644 0 0 0 0 
149.717 149.688 149.644 0 0 0 0 
149.717 149.688 149.644 0 0 0 0 
149.717 149.688 149.644 0 0 0 0 
149.717 149.688 149.644 0 0 0 0 
149.717 149.688 149.644 0 0 0 0 
149.717 149.688 149.644 0 0 0 0 
149.717 149.688 149.644 0 0 0 0 
0.01472 73.8944 73.865 0 0 0 0 
0.01472 73.8944 73.8797 0 0 0 0 
869.128 892.621 941.373 0 0 0 0 
0.01472 147.068 145.787 0 0 0 143.52 
265.048 289.322 261.383 0 0 0 233.341 
0.01472 146.744 146.641 0 0 0 144.447 
0.01472 145.934 145.875 0 0 0 144.565 
0.01472 147.023 145.478 0 0 0 143.299 
382.823 406.11 430.295 0 0 0 389.786 
480.122 504.543 528.948 0 0 0 518.748 
576.892 601.268 625.791 0 0 0 544.198 
674.838 605.478 626.13 0 0 0 636.346 
577.23 602.092 626.292 0 0 0 550.189 
674.662 613.824 626.115 0 0 0 636.198 
674.264 698.876 677.797 0 0 0 635.875 
674.264 698.876 677.797 0 0 0 635.875 
674.441 699.053 723.4 0 0 0 674.279 
0.01472 0.89792 36.6528 0.0736 0 0 0 
674.529 698.979 704.543 0 0 0 635.933 
0.01472 0.89792 36.6528 0.0736 0 0 0 
674.441 699.053 723.4 0 0 0 674.279 
674.264 698.876 677.797 0 0 0 635.875 
674.264 698.876 677.797 0 0 0 635.875 
674.662 613.824 626.115 0 0 0 636.198 
577.23 602.092 626.292 0 0 0 550.189 
674.838 605.478 626.13 0 0 0 636.346 
576.892 601.268 625.791 0 0 0 544.198 
480.122 504.543 528.948 0 0 0 518.748 
382.823 406.11 430.295 0 0 0 389.786 
0.01472 147.023 145.478 0 0 0 143.299 
0.01472 145.934 145.875 0 0 0 144.565 
0.01472 146.744 146.641 0 0 0 144.447 
265.048 289.322 261.383 0 0 0 233.341 
0.01472 147.068 145.787 0 0 0 143.52 
869.128 892.621 941.373 0 0 0 0 
0.01472 73.8944 73.8797 0 0 0 0 
0.01472 73.8944 73.865 0 0 0 0 
149.717 149.688 149.644 0 0 0 0 
0 0 0 0 0 0 0 
695.711 744.184 0 0 0 0 667.258 
737.472 744.435 0 0 0 0 792.863 
841.395 837.612 0 0 0 0 792.51 
841.395 837.612 0 0 0 0 792.51 
841.601 889.912 0 0 0 0 828.486 
841.601 889.912 0 0 0 0 828.486 
841.601 889.912 0 0 0 0 828.486 
841.601 889.912 0 0 0 0 828.486 
889.721 840.586 0 0 0 0 885.835 
889.721 840.586 0 0 0 0 885.835 
0.01472 147.156 0 0 0 0 147.112 
941.079 989.39 0 0 0 0 1027.43 
920.28 844.03 0 0 0 0 892.341 
920.28 844.03 0 0 0 0 892.341 
795.925 844.163 0 0 0 0 749.16 
650.624 698.7 0 0 0 0 712.89 
650.624 698.7 0 0 0 0 712.89 
602.254 555.96 0 0 0 0 599.472 
502.526 551.529 0 0 0 0 497.521 
502.526 551.529 0 0 0 0 497.521 
305.749 261.486 0 0 0 0 208.067 
305.749 261.486 0 0 0 0 208.067 
305.749 261.486 0 0 0 0 208.067 
0 1908.48 0 0 0 0 1880.58 
0 1908.48 0 0 0 0 1880.58 
0 1908.48 0 0 0 0 1880.58 
0 1908.51 0 0 0 0 1880.55 
0 1908.51 0 0 0 0 1880.55 
0 1908.51 0 0 0 0 1880.55 
0.01472 147.171 0 0 0 0 147.126 
0.01472 147.171 0 0 0 0 147.126 
0.01472 147.171 0 0 0 0 146.376 
0.01472 147.171 0 0 0 0 147.112 
0.01472 147.141 0 0 0 0 147.082 
0.01472 147.141 0 0 0 0 147.082 
0.01472 147.171 0 0 0 0 147.112 
0.01472 147.2 0 0 0 0 147.126 
286.054 259.705 0 234.342 0 0 253.905 
286.098 258.307 0 234.563 0 0 253.846 
285.877 234.239 0 234.239 0 0 254.111 
284.788 212.527 0 234.033 0 0 253.949 
245.147 212.572 0 234.652 0 0 253.935 
245.147 212.572 0 234.652 0 0 253.935 
242.483 212.572 0 234.431 0 0 253.876 
237.228 212.572 0 234.548 0 0 253.92 
236.344 212.572 0 234.548 0 0 253.935 
695.358 744.302 0 0 0 0 685.923 
698.891 743.772 0 0 0 0 792.495 
696.02 721.53 0 0 0 0 646.959 
550.646 598.854 0 0 0 0 553.899 
552.78 514.42 0 0 0 0 498.655 
405.492 453.862 0 0 0 0 466.388 
260.353 308.664 0 0 0 0 269.567 
260.353 308.664 0 0 0 0 269.567 
0.01472 146.891 0 0 0 0 0 
260.353 308.664 0 0 0 0 269.567 
260.353 308.664 0 0 0 0 269.567 
405.492 453.862 0 0 0 0 466.388 
552.78 514.42 0 0 0 0 498.655 
550.646 598.854 0 0 0 0 553.899 
696.02 721.53 0 0 0 0 646.959 
698.891 743.772 0 0 0 0 792.495 
695.358 744.302 0 0 0 0 685.923 
236.344 212.572 0 234.548 0 0 253.935 
237.228 212.572 0 234.548 0 0 253.92 
242.483 212.572 0 234.431 0 0 253.876 
245.147 212.572 0 234.652 0 0 253.935 
245.147 212.572 0 234.652 0 0 253.935 
284.788 212.527 0 234.033 0 0 253.949 
285.877 234.239 0 234.239 0 0 254.111 
286.098 258.307 0 234.563 0 0 253.846 
286.054 259.705 0 234.342 0 0 253.905 
0.01472 147.2 0 0 0 0 147.126 
0.01472 147.171 0 0 0 0 147.112 
0.01472 147.141 0 0 0 0 147.082 
0.01472 147.141 0 0 0 0 147.082 
0.01472 147.171 0 0 0 0 147.112 
0.01472 147.171 0 0 0 0 146.376 
0.01472 147.171 0 0 0 0 147.126 
0.01472 147.171 0 0 0 0 147.126 
0 1908.51 0 0 0 0 1880.55 
0 1908.51 0 0 0 0 1880.55 
0 1908.51 0 0 0 0 1880.55 
0 1908.48 0 0 0 0 1880.58 
0 1908.48 0 0 0 0 1880.58 
0 1908.48 0 0 0 0 1880.58 
305.749 261.486 0 0 0 0 208.067 
305.749 261.486 0 0 0 0 208.067 
305.749 261.486 0 0 0 0 208.067 
502.526 551.529 0 0 0 0 497.521 
502.526 551.529 0 0 0 0 497.521 
602.254 555.96 0 0 0 0 599.472 
650.624 698.7 0 0 0 0 712.89 
650.624 698.7 0 0 0 0 712.89 
795.925 844.163 0 0 0 0 749.16 
920.28 844.03 0 0 0 0 892.341 
920.28 844.03 0 0 0 0 892.341 
941.079 989.39 0 0 0 0 1027.43 
0.01472 147.156 0 0 0 0 147.112 
889.721 840.586 0 0 0 0 885.835 
889.721 840.586 0 0 0 0 885.835 
841.601 889.912 0 0 0 0 828.486 
841.601 889.912 0 0 0 0 828.486 
841.601 889.912 0 0 0 0 828.486 
841.601 889.912 0 0 0 0 828.486 
841.395 837.612 0 0 0 0 792.51 
841.395 837.612 0 0 0 0 792.51 
737.472 744.435 0 0 0 0 792.863 
695.711 744.184 0 0 0 0 667.258 
550.41 598.765 0 0 0 0 613.677 
149.717 149.688 149.644 0 0 0 0 
149.717 149.688 149.644 0 0 0 0 
149.717 149.688 149.644 0 0 0 0 
149.717 149.688 149.644 0 0 0 0 
149.717 149.688 149.644 0 0 0 0 
149.717 149.688 149.644 0 0 0 0 
149.717 149.688 149.644 0 0 0 0 
149.717 149.688 149.644 0 0 0 0 
149.717 149.688 149.644 0 0 0 0 
149.717 149.688 149.644 0 0 0 0 
149.717 149.688 149.644 0 0 0 0 
149.717 149.688 149.644 0 0 0 0 
149.717 149.688 149.644 0 0 0 0 
149.717 149.688 149.644 0 0 0 0 
149.717 149.688 149.644 0 0 0 0 
149.717 149.688 149.644 0 0 0 0 
149.717 149.688 149.644 0 0 0 0 
149.717 149.688 149.644 0 0 0 0 
149.717 149.688 149.644 0 0 0 0 
149.717 149.688 149.644 0 0 0 0 
149.717 149.688 149.644 0 0 0 0 
149.717 149.688 149.644 0 0 0 0 
149.717 149.688 149.644 0 0 0 0 
149.717 149.688 149.644 0 0 0 0 
149.717 149.688 149.644 0 0 0 0 
149.717 149.688 149.644 0 0 0 0 
149.717 149.688 149.644 0 0 0 0 
149.717 149.688 149.644 0 0 0 0 
149.717 149.688 149.644 0 0 0 0 
149.717 149.688 149.644 0 0 0 0 
733.203 743.596 791.759 0 0 0 
985.798 973.625 937.031 0 0 0 
985.622 1018.7 937.031 0 0 0 
882.022 888.867 936.869 0 0 0 
882.022 888.867 936.869 0 0 0 
841.057 889 898.067 0 0 0 
840.792 889.456 855.011 0 0 0 
551.028 597.455 580.439 0 0 0 
260.367 307.839 291.559 0 0 0 
551.028 597.455 580.439 0 0 0 
743.669 743.507 792.039 0 0 0 
841.13 889.986 931.29 0 0 0 
986.122 997.206 937.664 0 0 0 
881.905 889.132 937.855 0 0 0 
985.74 977.069 937.105 0 0 0 
985.681 1034.05 995.999 0 0 0 
985.681 1034.05 995.999 0 0 0 
985.71 1034.07 995.985 0 0 0 
985.71 1034.07 995.985 0 0 0 
985.121 992.467 936.796 0 0 0 
985.71 1034.07 995.985 0 0 0 
985.71 1034.07 995.985 0 0 0 
985.681 1034.05 995.999 0 0 0 
985.681 1034.05 995.999 0 0 0 
985.74 977.069 937.105 0 0 0 
881.905 889.132 937.855 0 0 0 
986.122 997.206 937.664 0 0 0 
841.13 889.986 931.29 0 0 0 
743.669 743.507 792.039 0 0 0 
551.028 597.455 580.439 0 0 0 
260.367 307.839 291.559 0 0 0 
551.028 597.455 580.439 0 0 0 
840.792 889.456 855.011 0 0 0 
841.057 889 898.067 0 0 0 
882.022 888.867 936.869 0 0 0 
882.022 888.867 936.869 0 0 0 
985.622 1018.7 937.031 0 0 0 
985.798 973.625 937.031 0 0 0 
733.203 743.596 791.759 0 0 0 
0.01472 147.156 0 0 0 0 
0.01472 147.156 0 0 0 0 
0.01472 147.156 0 0 0 0 
0.01472 147.156 0 0 0 0 
0.01472 147.156 0 0 0 0 
0.01472 147.156 0 0 0 0 
0.01472 147.156 0 0 0 0 
0.01472 147.156 0 0 0 0 
0.01472 147.156 0 0 0 0 
0.01472 147.156 0 0 0 0 
0.01472 147.156 0 0 0 0 
0.01472 147.156 0 0 0 0 
0.01472 147.156 0 0 0 0 
1165.15 1186.39 0 0 0 0 
1165.15 1186.39 0 0 0 0 
0.01472 147.156 0 0 0 0 
793.805 884.952 0 0 0 0 
793.805 884.952 0 0 0 0 
730.833 596.057 0 0 0 0 
0.01472 147.141 0 0 0 0 
0.01472 147.141 0 0 0 0 
0.01472 147.141 0 0 0 0 
0.01472 147.141 0 0 0 0 
0.01472 147.141 0 0 0 0 
0 3786.97 0 0 0 0 
0 3786.97 0 0 0 0 
0 3786.97 0 0 0 0 
0 3786.97 0 0 0 0 
0 3786.97 0 0 0 0 
0 3786.97 0 0 0 0 
0.01472 147.082 0 0 0 0 
0.01472 147.082 0 0 0 0 
0.01472 147.082 0 0 0 0 
0.01472 147.068 0 0 0 0 
758.816 725.828 0 0 0 0 
0.01472 147.023 0 0 0 0 
0.01472 147.023 0 0 0 0 
0.01472 146.95 0 0 0 0 
260.412 308.178 0 251.712 0 0 
260.412 308.178 0 251.712 0 0 
260.412 308.178 0 251.712 0 0 
260.338 308.06 0 256.157 0 0 
260.338 308.06 0 256.157 0 0 
260.338 308.06 0 256.157 0 0 
260.338 308.06 0 256.157 0 0 
260.338 308.06 0 256.157 0 0 
260.338 308.06 0 256.157 0 0 
0.01472 146.95 0 0 0 0 
0.01472 146.95 0 0 0 0 
0.01472 146.95 0 0 0 0 
0.01472 146.95 0 0 0 0 
0.01472 146.95 0 0 0 0 
0.01472 146.95 0 0 0 0 
0.01472 146.95 0 0 0 0 
0.01472 146.95 0 0 0 0 
0.01472 146.906 0 0 0 0 
0.01472 146.95 0 0 0 0 
0.01472 146.95 0 0 0 0 
0.01472 146.95 0 0 0 0 
0.01472 146.95 0 0 0 0 
0.01472 146.95 0 0 0 0 
0.01472 146.95 0 0 0 0 
0.01472 146.95 0 0 0 0 
0.01472 146.95 0 0 0 0 
260.338 308.06 0 256.157 0 0 
260.338 308.06 0 256.157 0 0 
260.338 308.06 0 256.157 0 0 
260.338 308.06 0 256.157 0 0 
260.338 308.06 0 256.157 0 0 
260.338 308.06 0 256.157 0 0 
260.412 308.178 0 251.712 0 0 
260.412 308.178 0 251.712 0 0 
260.412 308.178 0 251.712 0 0 
0.01472 146.95 0 0 0 0 
0.01472 147.023 0 0 0 0 
0.01472 147.023 0 0 0 0 
758.816 725.828 0 0 0 0 
0.01472 147.068 0 0 0 0 
0.01472 147.082 0 0 0 0 
0.01472 147.082 0 0 0 0 
0.01472 147.082 0 0 0 0 
0 3786.97 0 0 0 0 
0 3786.97 0 0 0 0 
0 3786.97 0 0 0 0 
0 3786.97 0 0 0 0 
0 3786.97 0 0 0 0 
0 3786.97 0 0 0 0 
0.01472 147.141 0 0 0 0 
0.01472 147.141 0 0 0 0 
0.01472 147.141 0 0 0 0 
0.01472 147.141 0 0 0 0 
0.01472 147.141 0 0 0 0 
730.833 596.057 0 0 0 0 
793.805 884.952 0 0 0 0 
793.805 884.952 0 0 0 0 
0.01472 147.156 0 0 0 0 
1165.15 1186.39 0 0 0 0 
1165.15 1186.39 0 0 0 0 
0.01472 147.156 0 0 0 0 
0 0 0 0 0 0 
0.01472 147.156 0 0 0 0 
0.01472 147.156 0 0 0 0 
0.01472 147.156 0 0 0 0 
0.01472 147.156 0 0 0 0 
0.01472 147.156 0 0 0 0 
0.01472 147.156 0 0 0 0 
0.01472 147.156 0 0 0 0 
0.01472 147.156 0 0 0 0 
0.01472 147.156 0 0 0 0 
0.01472 147.156 0 0 0 0 
0.01472 147.156 0 0 0 0 
733.203 743.596 791.759 0 0 0 
733.203 743.596 791.759 0 0 0 
733.203 743.596 791.759 0 0 0 
733.203 743.596 791.759 0 0 0 
733.203 743.596 791.759 0 0 0 
733.203 743.596 791.759 0 0 0 
733.203 743.596 791.759 0 0 0 
733.203 743.596 791.759 0 0 0 
733.203 743.596 791.759 0 0 0 
733.203 743.596 791.759 0 0 0 
733.203 743.596 791.759 0 0 0 
733.203 743.596 791.759 0 0 0 
733.203 743.596 791.759 0 0 0 
733.203 743.596 791.759 0 0 0 
733.203 743.596 791.759 0 0 0 
733.203 743.596 791.759 0 0 0 
733.203 743.596 791.759 0 0 0 
733.203 743.596 791.759 0 0 0 
733.203 743.596 791.759 0 0 0 
733.203 743.596 791.759 0 0 0 
733.203 743.596 791.759 0 0 0 
733.203 743.596 791.759 0 0 0 
733.203 743.596 791.759 0 0 0 
733.203 743.596 791.759 0 0 0 
733.203 743.596 791.759 0 0 0 
733.203 743.596 791.759 0 0 0 
733.203 743.596 791.759 0 0 0 
733.203 743.596 791.759 0 0 0 
733.203 743.596 791.759 0 0 0 
733.203 743.596 791.759 0 0 0 
733.203 743.596 791.759 0 0 0 
